1.165999999999999925e+00
1.203000000000000069e+00
1.241999999999999993e+00
1.270999999999999908e+00
1.288999999999999924e+00
1.314000000000000057e+00
1.336000000000000076e+00
1.368999999999999995e+00
1.401999999999999913e+00
1.423000000000000043e+00
1.437999999999999945e+00
1.473999999999999977e+00
1.502999999999999892e+00
1.538999999999999924e+00
1.566000000000000059e+00
1.582999999999999963e+00
1.612999999999999989e+00
1.641999999999999904e+00
1.671999999999999931e+00
1.701000000000000068e+00
1.721999999999999975e+00
1.764999999999999902e+00
1.794000000000000039e+00
1.822999999999999954e+00
1.850999999999999979e+00
1.879999999999999893e+00
1.913000000000000034e+00
1.937999999999999945e+00
1.981999999999999984e+00
1.989000000000000101e+00
2.007000000000000117e+00
2.036000000000000032e+00
2.088000000000000078e+00
2.130999999999999783e+00
2.149999999999999911e+00
2.174999999999999822e+00
2.177999999999999936e+00
2.242999999999999883e+00
2.269000000000000128e+00
2.293000000000000149e+00
2.309000000000000163e+00
2.350000000000000089e+00
2.387000000000000011e+00
2.423999999999999932e+00
2.440999999999999837e+00
2.464999999999999858e+00
2.524000000000000021e+00
2.531000000000000139e+00
2.548999999999999932e+00
2.579000000000000181e+00
2.612999999999999989e+00
2.624000000000000110e+00
2.665999999999999925e+00
2.682999999999999829e+00
2.712000000000000188e+00
2.759999999999999787e+00
2.790000000000000036e+00
2.827999999999999847e+00
2.822000000000000064e+00
2.859999999999999876e+00
2.903999999999999915e+00
2.080999999999999961e+00
2.113999999999999879e+00
2.172000000000000153e+00
2.233000000000000096e+00
2.263999999999999790e+00
2.306000000000000050e+00
2.371999999999999886e+00
2.403000000000000025e+00
2.451999999999999957e+00
2.512000000000000011e+00
2.625000000000000000e+00
2.615000000000000213e+00
2.657999999999999918e+00
2.733000000000000096e+00
2.746999999999999886e+00
2.802000000000000046e+00
2.855999999999999872e+00
2.910000000000000142e+00
2.966000000000000192e+00
3.004000000000000004e+00
3.055000000000000160e+00
3.108000000000000096e+00
3.168000000000000149e+00
3.214999999999999858e+00
3.275999999999999801e+00
3.326999999999999957e+00
3.386000000000000121e+00
3.446000000000000174e+00
3.427000000000000046e+00
3.539000000000000146e+00
3.601999999999999869e+00
3.666999999999999815e+00
3.716000000000000192e+00
3.774000000000000021e+00
3.827999999999999847e+00
3.779999999999999805e+00
3.932999999999999829e+00
3.983000000000000096e+00
4.041000000000000369e+00
4.097999999999999865e+00
4.153999999999999915e+00
4.190000000000000391e+00
4.245000000000000107e+00
4.294999999999999929e+00
4.350999999999999979e+00
4.376999999999999780e+00
4.458999999999999631e+00
4.427999999999999936e+00
4.556000000000000050e+00
4.703999999999999737e+00
4.655999999999999694e+00
4.724999999999999645e+00
4.849000000000000199e+00
4.841000000000000192e+00
4.894000000000000128e+00
4.924999999999999822e+00
4.983999999999999986e+00
5.044999999999999929e+00
5.089000000000000412e+00
5.131000000000000227e+00
5.182000000000000384e+00
3.250999999999999890e+00
3.327999999999999847e+00
3.395000000000000018e+00
3.498000000000000220e+00
3.762999999999999901e+00
3.661999999999999922e+00
3.726999999999999869e+00
3.774999999999999911e+00
3.854999999999999982e+00
4.024000000000000021e+00
4.057999999999999829e+00
4.137999999999999901e+00
4.224999999999999645e+00
4.214999999999999858e+00
4.392999999999999794e+00
4.461999999999999744e+00
4.581000000000000405e+00
4.652000000000000135e+00
4.732000000000000206e+00
4.823000000000000398e+00
4.921000000000000263e+00
5.065999999999999837e+00
5.147999999999999687e+00
5.195999999999999730e+00
5.280000000000000249e+00
5.402000000000000135e+00
5.477000000000000313e+00
5.567999999999999616e+00
5.626000000000000334e+00
5.554000000000000270e+00
5.735000000000000320e+00
5.809999999999999609e+00
5.881999999999999673e+00
6.081999999999999851e+00
6.060999999999999943e+00
6.166000000000000369e+00
6.349000000000000199e+00
6.325000000000000178e+00
6.421000000000000263e+00
6.525999999999999801e+00
6.522000000000000242e+00
6.732000000000000206e+00
6.831999999999999851e+00
6.961000000000000298e+00
6.932000000000000384e+00
7.165000000000000036e+00
7.238999999999999879e+00
7.322000000000000064e+00
7.403999999999999915e+00
7.347999999999999865e+00
7.565999999999999837e+00
7.540000000000000036e+00
7.748000000000000220e+00
7.881000000000000227e+00
7.980000000000000426e+00
8.055999999999999162e+00
8.032999999999999474e+00
8.253999999999999559e+00
8.342999999999999972e+00
8.425000000000000711e+00
8.474999999999999645e+00
3.964999999999999858e+00
4.038000000000000256e+00
4.129999999999999893e+00
4.046999999999999709e+00
4.283999999999999808e+00
4.408999999999999808e+00
4.554999999999999716e+00
4.509000000000000341e+00
4.730999999999999872e+00
4.780999999999999694e+00
4.935999999999999943e+00
5.025000000000000355e+00
5.108999999999999986e+00
5.198999999999999844e+00
5.275999999999999801e+00
5.400000000000000355e+00
5.533000000000000362e+00
5.628000000000000114e+00
5.714000000000000412e+00
5.825000000000000178e+00
5.942999999999999616e+00
6.081000000000000405e+00
6.171999999999999709e+00
6.296000000000000263e+00
6.410000000000000142e+00
6.557000000000000384e+00
6.600999999999999979e+00
6.737000000000000099e+00
6.875000000000000000e+00
6.873000000000000220e+00
6.996000000000000441e+00
7.245000000000000107e+00
7.376999999999999780e+00
7.389999999999999680e+00
7.573000000000000398e+00
7.655999999999999694e+00
7.778999999999999915e+00
7.931000000000000050e+00
8.021000000000000796e+00
8.192999999999999616e+00
8.143000000000000682e+00
8.407999999999999474e+00
8.558999999999999275e+00
8.566000000000000725e+00
8.656000000000000583e+00
8.726000000000000867e+00
8.984999999999999432e+00
9.298999999999999488e+00
9.398999999999999133e+00
9.348000000000000753e+00
9.586999999999999744e+00
9.733999999999999986e+00
9.913000000000000256e+00
9.862000000000000099e+00
1.006900000000000084e+01
1.017900000000000027e+01
1.033000000000000007e+01
1.043599999999999994e+01
1.060999999999999943e+01
1.064199999999999946e+01
4.059000000000000163e+00
4.120000000000000107e+00
4.225999999999999979e+00
4.328999999999999737e+00
4.426999999999999602e+00
4.541999999999999815e+00
4.613999999999999879e+00
4.743000000000000327e+00
5.016000000000000014e+00
4.982000000000000206e+00
5.051000000000000156e+00
5.221000000000000085e+00
5.352999999999999758e+00
5.466999999999999638e+00
5.647000000000000242e+00
5.764999999999999680e+00
5.971000000000000085e+00
6.113999999999999879e+00
6.440000000000000391e+00
6.519999999999999574e+00
6.368999999999999773e+00
6.727000000000000313e+00
6.703000000000000291e+00
6.783999999999999808e+00
6.940999999999999837e+00
7.081000000000000405e+00
7.185999999999999943e+00
7.314000000000000057e+00
7.597000000000000419e+00
7.825000000000000178e+00
7.948000000000000398e+00
8.051000000000000156e+00
8.156000000000000583e+00
8.295999999999999375e+00
8.461999999999999744e+00
8.586000000000000298e+00
8.704000000000000625e+00
8.903000000000000469e+00
8.962999999999999190e+00
9.105999999999999872e+00
9.223000000000000753e+00
9.153000000000000469e+00
9.545999999999999375e+00
9.422000000000000597e+00
9.807000000000000384e+00
1.000000000000000000e+01
1.011400000000000077e+01
1.022499999999999964e+01
1.040300000000000047e+01
1.055499999999999972e+01
1.072000000000000064e+01
1.083500000000000085e+01
1.086200000000000010e+01
1.109600000000000009e+01
1.112800000000000011e+01
1.110999999999999943e+01
1.122000000000000064e+01
1.134800000000000075e+01
1.147700000000000031e+01
3.584999999999999964e+00
3.670999999999999819e+00
3.754999999999999893e+00
3.865000000000000213e+00
3.972999999999999865e+00
4.163000000000000256e+00
4.216000000000000192e+00
4.354000000000000092e+00
4.493999999999999773e+00
4.589999999999999858e+00
4.719999999999999751e+00
4.794999999999999929e+00
4.929000000000000270e+00
5.043000000000000149e+00
5.152000000000000135e+00
5.269999999999999574e+00
5.424999999999999822e+00
5.536999999999999922e+00
5.634000000000000341e+00
5.780000000000000249e+00
5.894999999999999574e+00
6.059000000000000163e+00
6.198000000000000398e+00
6.317999999999999616e+00
6.421999999999999709e+00
6.514000000000000234e+00
6.652999999999999581e+00
6.932000000000000384e+00
6.923000000000000043e+00
7.052999999999999936e+00
7.208000000000000185e+00
7.347000000000000419e+00
7.496000000000000441e+00
7.607000000000000206e+00
7.741999999999999993e+00
7.902000000000000135e+00
8.025000000000000355e+00
8.183999999999999275e+00
8.298999999999999488e+00
8.442999999999999616e+00
8.573000000000000398e+00
8.726000000000000867e+00
8.846999999999999531e+00
9.025999999999999801e+00
9.179000000000000270e+00
9.326000000000000512e+00
9.454000000000000625e+00
9.537000000000000810e+00
9.688000000000000611e+00
9.835000000000000853e+00
9.935999999999999943e+00
1.008699999999999974e+01
1.027500000000000036e+01
1.046299999999999919e+01
1.058699999999999974e+01
1.071499999999999986e+01
1.082099999999999973e+01
1.097700000000000031e+01
1.109200000000000053e+01
1.125699999999999967e+01
1.131199999999999939e+01
2.948999999999999844e+00
2.962000000000000188e+00
3.021999999999999797e+00
3.111000000000000210e+00
3.201999999999999957e+00
3.299999999999999822e+00
3.396999999999999797e+00
3.512999999999999901e+00
3.604999999999999982e+00
3.740000000000000213e+00
3.826999999999999957e+00
3.927000000000000046e+00
4.033000000000000362e+00
4.155000000000000249e+00
4.283999999999999808e+00
4.424000000000000377e+00
4.576999999999999957e+00
4.746000000000000441e+00
4.863000000000000433e+00
4.990000000000000213e+00
5.115999999999999659e+00
5.233999999999999986e+00
5.349000000000000199e+00
5.482999999999999652e+00
5.615999999999999659e+00
5.719999999999999751e+00
5.854000000000000092e+00
5.980000000000000426e+00
6.110999999999999766e+00
6.233999999999999986e+00
6.259999999999999787e+00
6.360000000000000320e+00
6.464999999999999858e+00
6.570999999999999730e+00
6.732000000000000206e+00
6.950000000000000178e+00
7.118000000000000327e+00
7.275000000000000355e+00
7.405999999999999694e+00
7.533999999999999808e+00
7.692999999999999616e+00
7.767999999999999794e+00
7.889999999999999680e+00
7.963000000000000078e+00
8.051000000000000156e+00
8.054999999999999716e+00
8.285000000000000142e+00
8.435000000000000497e+00
8.624000000000000554e+00
8.756999999999999673e+00
8.907999999999999474e+00
9.060000000000000497e+00
9.201999999999999957e+00
9.330000000000000071e+00
9.442000000000000171e+00
9.598000000000000753e+00
9.730999999999999872e+00
9.890000000000000568e+00
1.003400000000000070e+01
1.010100000000000087e+01
2.325000000000000178e+00
2.391000000000000014e+00
2.495999999999999996e+00
2.528000000000000025e+00
2.608000000000000096e+00
2.785000000000000142e+00
2.843999999999999861e+00
3.040000000000000036e+00
3.077999999999999847e+00
3.169000000000000039e+00
3.250999999999999890e+00
3.353000000000000203e+00
3.443999999999999950e+00
3.549999999999999822e+00
3.705999999999999961e+00
3.746999999999999886e+00
3.842000000000000082e+00
3.940999999999999837e+00
4.048000000000000043e+00
4.144999999999999574e+00
4.251000000000000334e+00
4.379999999999999893e+00
4.472999999999999865e+00
4.597999999999999865e+00
4.698999999999999844e+00
4.815000000000000391e+00
4.903999999999999915e+00
5.017999999999999794e+00
5.120000000000000107e+00
5.246000000000000441e+00
5.373000000000000220e+00
5.490000000000000213e+00
5.612000000000000099e+00
5.753999999999999559e+00
5.942000000000000171e+00
5.974999999999999645e+00
6.094000000000000306e+00
6.314000000000000057e+00
6.330000000000000071e+00
6.472999999999999865e+00
6.597000000000000419e+00
6.709999999999999964e+00
6.886999999999999567e+00
7.011000000000000121e+00
7.128999999999999559e+00
7.269999999999999574e+00
7.496999999999999886e+00
7.626000000000000334e+00
7.681000000000000050e+00
7.793999999999999595e+00
7.929000000000000270e+00
8.289999999999999147e+00
8.208000000000000185e+00
8.329000000000000625e+00
8.441000000000000725e+00
8.548000000000000043e+00
8.432000000000000384e+00
8.598000000000000753e+00
8.731999999999999318e+00
1.225999999999999979e+00
1.286999999999999922e+00
1.304999999999999938e+00
1.358999999999999986e+00
1.413999999999999924e+00
1.467999999999999972e+00
1.441999999999999948e+00
1.564999999999999947e+00
1.622000000000000108e+00
1.639000000000000012e+00
1.685000000000000053e+00
1.750000000000000000e+00
1.798999999999999932e+00
1.858999999999999986e+00
1.923000000000000043e+00
1.981999999999999984e+00
2.043000000000000149e+00
2.109999999999999876e+00
2.168000000000000149e+00
2.224000000000000199e+00
2.286000000000000032e+00
2.346000000000000085e+00
2.403999999999999915e+00
2.483000000000000096e+00
2.548000000000000043e+00
2.620999999999999996e+00
2.680000000000000160e+00
2.758999999999999897e+00
2.825000000000000178e+00
2.895000000000000018e+00
3.012999999999999901e+00
3.051000000000000156e+00
3.129000000000000004e+00
3.200000000000000178e+00
3.285000000000000142e+00
3.362000000000000099e+00
3.434000000000000163e+00
3.524000000000000021e+00
3.591000000000000192e+00
3.684000000000000163e+00
3.770999999999999908e+00
3.854999999999999982e+00
3.931999999999999940e+00
4.073999999999999844e+00
4.110000000000000320e+00
4.192000000000000171e+00
4.320000000000000284e+00
4.392999999999999794e+00
4.516000000000000014e+00
4.543000000000000149e+00
4.637999999999999901e+00
4.807000000000000384e+00
4.799999999999999822e+00
4.908000000000000362e+00
4.993000000000000327e+00
5.089999999999999858e+00
5.009999999999999787e+00
5.259999999999999787e+00
5.339000000000000412e+00
5.411999999999999922e+00
5.466999999999999638e+00
1.151000000000000023e+00
1.183000000000000052e+00
1.229000000000000092e+00
1.276999999999999913e+00
1.330000000000000071e+00
1.391999999999999904e+00
1.437000000000000055e+00
1.463000000000000078e+00
1.491999999999999993e+00
1.588999999999999968e+00
1.637000000000000011e+00
1.735999999999999988e+00
1.794000000000000039e+00
1.856999999999999984e+00
1.893999999999999906e+00
1.955000000000000071e+00
2.016000000000000014e+00
2.096000000000000085e+00
2.153000000000000025e+00
2.205000000000000071e+00
2.282999999999999918e+00
2.361000000000000210e+00
2.438000000000000167e+00
2.572000000000000064e+00
2.630999999999999783e+00
2.698999999999999844e+00
2.749000000000000110e+00
2.826000000000000068e+00
2.902000000000000135e+00
2.976999999999999869e+00
3.044000000000000039e+00
3.133000000000000007e+00
3.213999999999999968e+00
3.279999999999999805e+00
3.350999999999999979e+00
3.422000000000000153e+00
3.515000000000000124e+00
3.673000000000000043e+00
3.745000000000000107e+00
3.843999999999999861e+00
3.918000000000000149e+00
4.027000000000000135e+00
4.104000000000000092e+00
4.200000000000000178e+00
4.256000000000000227e+00
4.315999999999999837e+00
4.408999999999999808e+00
4.520999999999999908e+00
4.573999999999999844e+00
4.676999999999999602e+00
4.801000000000000156e+00
4.913999999999999702e+00
4.979000000000000092e+00
5.052999999999999936e+00
5.149000000000000021e+00
5.232999999999999652e+00
5.224000000000000199e+00
5.779999999999999583e-01
6.009999999999999787e-01
6.340000000000000080e-01
6.610000000000000320e-01
6.630000000000000338e-01
7.199999999999999734e-01
7.530000000000000027e-01
7.840000000000000302e-01
8.149999999999999467e-01
8.509999999999999787e-01
8.820000000000000062e-01
9.210000000000000409e-01
9.559999999999999609e-01
9.869999999999999885e-01
1.055900000000000061e+00
1.066999999999999948e+00
1.102700000000000014e+00
1.143599999999999950e+00
1.176099999999999923e+00
1.220599999999999907e+00
1.265600000000000058e+00
1.308200000000000029e+00
1.401799999999999935e+00
1.394500000000000073e+00
1.444499999999999895e+00
1.487100000000000088e+00
1.535800000000000054e+00
1.579299999999999926e+00
1.626100000000000101e+00
1.758699999999999930e+00
1.736199999999999966e+00
1.877899999999999903e+00
1.844000000000000083e+00
1.904600000000000071e+00
1.986699999999999910e+00
2.040000000000000036e+00
2.119000000000000217e+00
2.172000000000000153e+00
2.185000000000000053e+00
2.302999999999999936e+00
2.345000000000000195e+00
2.423000000000000043e+00
2.471000000000000085e+00
2.537999999999999812e+00
2.613999999999999879e+00
2.677999999999999936e+00
2.750000000000000000e+00
2.814000000000000057e+00
2.887000000000000011e+00
2.951000000000000068e+00
3.028999999999999915e+00
3.083000000000000185e+00
3.156000000000000139e+00
3.269000000000000128e+00
3.369000000000000217e+00
3.459999999999999964e+00
3.548999999999999932e+00
3.648000000000000131e+00
3.734999999999999876e+00
3.825000000000000178e+00
3.884999999999999787e+00
0.000000000000000000e+00
1.650000000000000078e-01
2.320000000000000118e-01
2.829999999999999738e-01
2.869999999999999774e-01
2.700000000000000178e-01
2.429999999999999938e-01
2.129999999999999949e-01
1.829999999999999960e-01
1.549999999999999989e-01
1.300000000000000044e-01
1.079999999999999988e-01
8.999999999999999667e-02
7.399999999999999634e-02
5.999999999999999778e-02
4.900000000000000189e-02
4.000000000000000083e-02
3.200000000000000067e-02
2.599999999999999881e-02
2.100000000000000130e-02
1.700000000000000122e-02
0.000000000000000000e+00
1.819999999999999951e-01
2.740000000000000213e-01
3.439999999999999725e-01
3.529999999999999805e-01
3.330000000000000182e-01
3.019999999999999907e-01
2.660000000000000142e-01
2.310000000000000109e-01
1.990000000000000102e-01
1.690000000000000113e-01
1.439999999999999891e-01
1.209999999999999964e-01
1.019999999999999934e-01
8.599999999999999312e-02
7.299999999999999545e-02
6.099999999999999867e-02
5.199999999999999761e-02
4.299999999999999656e-02
3.699999999999999817e-02
3.099999999999999978e-02
1.000000000000000021e-03
2.320000000000000118e-01
3.230000000000000093e-01
4.149999999999999800e-01
4.319999999999999951e-01
4.149999999999999800e-01
3.810000000000000053e-01
3.410000000000000253e-01
2.999999999999999889e-01
2.610000000000000098e-01
2.250000000000000056e-01
1.930000000000000049e-01
1.650000000000000078e-01
1.400000000000000133e-01
1.199999999999999956e-01
1.019999999999999934e-01
8.599999999999999312e-02
7.299999999999999545e-02
6.199999999999999956e-02
5.299999999999999850e-02
4.499999999999999833e-02
1.000000000000000021e-03
2.959999999999999853e-01
3.770000000000000018e-01
4.869999999999999885e-01
5.120000000000000107e-01
4.959999999999999964e-01
4.610000000000000209e-01
4.179999999999999827e-01
3.719999999999999973e-01
3.280000000000000138e-01
2.879999999999999782e-01
2.510000000000000009e-01
2.179999999999999993e-01
1.900000000000000022e-01
1.650000000000000078e-01
1.429999999999999882e-01
1.239999999999999991e-01
1.079999999999999988e-01
9.400000000000000022e-02
8.200000000000000344e-02
7.199999999999999456e-02
1.000000000000000021e-03
3.750000000000000000e-01
4.450000000000000067e-01
5.590000000000000524e-01
5.849999999999999645e-01
5.699999999999999512e-01
5.350000000000000311e-01
4.909999999999999920e-01
4.440000000000000058e-01
3.990000000000000213e-01
3.559999999999999831e-01
3.160000000000000031e-01
2.810000000000000275e-01
2.489999999999999991e-01
2.200000000000000011e-01
1.950000000000000067e-01
1.729999999999999871e-01
1.539999999999999980e-01
1.370000000000000107e-01
1.219999999999999973e-01
1.089999999999999997e-01
1.000000000000000021e-03
4.139999999999999791e-01
5.040000000000000036e-01
6.209999999999999964e-01
6.490000000000000213e-01
6.370000000000000107e-01
6.039999999999999813e-01
5.620000000000000551e-01
5.160000000000000142e-01
4.699999999999999734e-01
4.259999999999999898e-01
3.850000000000000089e-01
3.469999999999999751e-01
3.119999999999999996e-01
2.810000000000000275e-01
2.530000000000000027e-01
2.280000000000000082e-01
2.049999999999999878e-01
1.849999999999999978e-01
1.680000000000000104e-01
1.519999999999999962e-01
1.000000000000000021e-03
4.580000000000000182e-01
5.659999999999999476e-01
6.979999999999999538e-01
7.349999999999999867e-01
7.279999999999999805e-01
6.969999999999999529e-01
6.540000000000000258e-01
6.059999999999999831e-01
5.570000000000000506e-01
5.100000000000000089e-01
4.640000000000000235e-01
4.209999999999999853e-01
3.820000000000000062e-01
3.459999999999999742e-01
3.130000000000000004e-01
2.839999999999999747e-01
2.570000000000000062e-01
2.340000000000000135e-01
2.119999999999999940e-01
1.930000000000000049e-01
1.000000000000000021e-03
5.280000000000000249e-01
6.300000000000000044e-01
7.760000000000000231e-01
8.209999999999999520e-01
8.169999999999999485e-01
7.870000000000000329e-01
7.449999999999999956e-01
6.959999999999999520e-01
6.450000000000000178e-01
5.949999999999999734e-01
5.470000000000000417e-01
5.010000000000000009e-01
4.590000000000000191e-01
4.199999999999999845e-01
3.840000000000000080e-01
3.509999999999999787e-01
3.220000000000000084e-01
2.949999999999999845e-01
2.710000000000000187e-01
2.489999999999999991e-01
2.000000000000000042e-03
5.819999999999999618e-01
6.919999999999999485e-01
8.529999999999999805e-01
9.080000000000000293e-01
9.100000000000000311e-01
8.840000000000000080e-01
8.429999999999999716e-01
7.940000000000000391e-01
7.419999999999999929e-01
6.889999999999999458e-01
6.380000000000000115e-01
5.879999999999999671e-01
5.420000000000000373e-01
4.979999999999999982e-01
4.580000000000000182e-01
4.209999999999999853e-01
3.880000000000000115e-01
3.569999999999999840e-01
3.280000000000000138e-01
3.029999999999999916e-01
2.000000000000000042e-03
6.280000000000000027e-01
7.570000000000000062e-01
9.340000000000000524e-01
9.969999999999999973e-01
1.004000000000000004e+00
9.819999999999999840e-01
9.419999999999999485e-01
8.920000000000000151e-01
8.389999999999999680e-01
7.840000000000000302e-01
7.299999999999999822e-01
6.780000000000000471e-01
6.280000000000000027e-01
5.809999999999999609e-01
5.380000000000000338e-01
4.969999999999999973e-01
4.600000000000000200e-01
4.249999999999999889e-01
3.940000000000000169e-01
3.639999999999999902e-01
2.000000000000000042e-03
6.520000000000000240e-01
8.259999999999999565e-01
1.024000000000000021e+00
1.098999999999999977e+00
1.112000000000000099e+00
1.090999999999999970e+00
1.050999999999999934e+00
1.000999999999999890e+00
9.439999999999999503e-01
8.860000000000000098e-01
8.279999999999999583e-01
7.710000000000000187e-01
7.169999999999999707e-01
6.660000000000000364e-01
6.179999999999999938e-01
5.739999999999999547e-01
5.320000000000000284e-01
4.939999999999999947e-01
4.580000000000000182e-01
4.259999999999999898e-01
2.000000000000000042e-03
6.909999999999999476e-01
8.920000000000000151e-01
1.110999999999999988e+00
1.197000000000000064e+00
1.215999999999999970e+00
1.199000000000000066e+00
1.159999999999999920e+00
1.108999999999999986e+00
1.052000000000000046e+00
9.919999999999999929e-01
9.310000000000000497e-01
8.719999999999999973e-01
8.159999999999999476e-01
7.620000000000000107e-01
7.109999999999999654e-01
6.630000000000000338e-01
6.189999999999999947e-01
5.779999999999999583e-01
5.400000000000000355e-01
5.050000000000000044e-01
2.000000000000000042e-03
7.209999999999999742e-01
9.459999999999999520e-01
1.175000000000000044e+00
1.270999999999999908e+00
1.300000000000000044e+00
1.290999999999999925e+00
1.258000000000000007e+00
1.211000000000000076e+00
1.155999999999999917e+00
1.096999999999999975e+00
1.036000000000000032e+00
9.749999999999999778e-01
9.160000000000000364e-01
8.579999999999999849e-01
8.030000000000000471e-01
7.500000000000000000e-01
7.009999999999999565e-01
6.540000000000000258e-01
6.109999999999999876e-01
5.699999999999999512e-01
2.290000000000000091e-01
2.359999999999999876e-01
2.449999999999999956e-01
2.560000000000000053e-01
2.650000000000000133e-01
2.760000000000000231e-01
2.879999999999999782e-01
3.029999999999999916e-01
3.190000000000000058e-01
3.360000000000000209e-01
3.549999999999999822e-01
3.750000000000000000e-01
3.990000000000000213e-01
4.269999999999999907e-01
4.570000000000000173e-01
4.909999999999999920e-01
5.080000000000000071e-01
5.260000000000000231e-01
5.420000000000000373e-01
5.639999999999999458e-01
5.859999999999999654e-01
6.079999999999999849e-01
6.340000000000000080e-01
6.610000000000000320e-01
6.879999999999999449e-01
7.129999999999999671e-01
7.449999999999999956e-01
7.720000000000000195e-01
8.060000000000000497e-01
8.459999999999999742e-01
8.910000000000000142e-01
9.409999999999999476e-01
9.969999999999999973e-01
1.064000000000000057e+00
1.139000000000000012e+00
1.227000000000000091e+00
2.469999999999999973e-01
2.489999999999999991e-01
2.590000000000000080e-01
2.700000000000000178e-01
2.800000000000000266e-01
2.909999999999999809e-01
3.049999999999999933e-01
3.190000000000000058e-01
3.340000000000000191e-01
3.509999999999999787e-01
3.659999999999999920e-01
3.790000000000000036e-01
3.950000000000000178e-01
4.129999999999999782e-01
4.319999999999999951e-01
4.410000000000000031e-01
4.500000000000000111e-01
4.620000000000000218e-01
4.719999999999999751e-01
4.849999999999999867e-01
4.979999999999999982e-01
5.130000000000000115e-01
5.280000000000000249e-01
5.400000000000000355e-01
5.570000000000000506e-01
5.749999999999999556e-01
5.949999999999999734e-01
6.149999999999999911e-01
6.360000000000000098e-01
6.580000000000000293e-01
6.820000000000000506e-01
7.079999999999999627e-01
7.349999999999999867e-01
7.610000000000000098e-01
7.870000000000000329e-01
8.159999999999999476e-01
8.469999999999999751e-01
8.810000000000000053e-01
9.200000000000000400e-01
9.619999999999999662e-01
1.006999999999999895e+00
1.060000000000000053e+00
1.118999999999999995e+00
1.191000000000000059e+00
1.270000000000000018e+00
1.350999999999999979e+00
2.780000000000000249e-01
2.869999999999999774e-01
2.989999999999999880e-01
3.049999999999999933e-01
3.200000000000000067e-01
3.310000000000000164e-01
3.439999999999999725e-01
3.589999999999999858e-01
3.780000000000000027e-01
3.960000000000000187e-01
4.149999999999999800e-01
4.369999999999999996e-01
4.620000000000000218e-01
4.929999999999999938e-01
5.310000000000000275e-01
5.679999999999999494e-01
5.849999999999999645e-01
6.029999999999999805e-01
6.239999999999999991e-01
6.490000000000000213e-01
6.730000000000000426e-01
6.979999999999999538e-01
7.269999999999999796e-01
7.560000000000000053e-01
7.880000000000000338e-01
8.189999999999999503e-01
8.509999999999999787e-01
8.830000000000000071e-01
9.190000000000000391e-01
9.649999999999999689e-01
1.010999999999999899e+00
1.066000000000000059e+00
1.127999999999999892e+00
1.201000000000000068e+00
1.290999999999999925e+00
1.397000000000000020e+00
4.789999999999999813e-01
5.659999999999999476e-01
5.659999999999999476e-01
5.899999999999999689e-01
5.909999999999999698e-01
6.159999999999999920e-01
6.169999999999999929e-01
6.390000000000000124e-01
6.410000000000000142e-01
6.670000000000000373e-01
5.969999999999999751e-01
7.309999999999999831e-01
7.319999999999999840e-01
7.880000000000000338e-01
8.149999999999999467e-01
8.159999999999999476e-01
8.469999999999999751e-01
8.479999999999999760e-01
8.729999999999999982e-01
8.739999999999999991e-01
6.770000000000000462e-01
7.369999999999999885e-01
7.660000000000000142e-01
7.910000000000000364e-01
7.930000000000000382e-01
8.189999999999999503e-01
8.469999999999999751e-01
8.479999999999999760e-01
8.750000000000000000e-01
8.760000000000000009e-01
9.040000000000000258e-01
8.169999999999999485e-01
8.439999999999999725e-01
8.459999999999999742e-01
8.679999999999999938e-01
8.709999999999999964e-01
8.950000000000000178e-01
8.990000000000000213e-01
9.240000000000000435e-01
9.250000000000000444e-01
9.509999999999999565e-01
9.529999999999999583e-01
9.769999999999999796e-01
9.789999999999999813e-01
2.280000000000000082e-01
2.899999999999999800e-01
3.679999999999999938e-01
3.709999999999999964e-01
4.600000000000000200e-01
5.629999999999999449e-01
5.659999999999999476e-01
6.810000000000000497e-01
6.820000000000000506e-01
7.279999999999999805e-01
7.570000000000000062e-01
7.590000000000000080e-01
7.790000000000000258e-01
7.810000000000000275e-01
8.050000000000000488e-01
3.930000000000000160e-01
4.089999999999999747e-01
4.309999999999999942e-01
4.450000000000000067e-01
4.490000000000000102e-01
4.550000000000000155e-01
4.630000000000000226e-01
4.630000000000000226e-01
4.689999999999999725e-01
4.779999999999999805e-01
4.799999999999999822e-01
4.849999999999999867e-01
4.889999999999999902e-01
2.030000000000000138e-01
2.580000000000000071e-01
2.590000000000000080e-01
3.350000000000000200e-01
3.350000000000000200e-01
3.489999999999999769e-01
3.489999999999999769e-01
3.619999999999999885e-01
3.629999999999999893e-01
1.469999999999999918e-01
1.690000000000000113e-01
1.690000000000000113e-01
1.809999999999999942e-01
1.809999999999999942e-01
1.880000000000000004e-01
1.880000000000000004e-01
1.980000000000000093e-01
1.980000000000000093e-01
8.500000000000000611e-02
1.000000000000000056e-01
1.000000000000000056e-01
1.039999999999999952e-01
1.039999999999999952e-01
1.110000000000000014e-01
1.110000000000000014e-01
2.299999999999999961e-02
2.800000000000000058e-02
3.099999999999999978e-02
3.200000000000000067e-02
3.599999999999999728e-02
3.799999999999999906e-02
4.499999999999999833e-02
4.900000000000000189e-02
5.099999999999999672e-02
1.299999999999999940e-02
1.400000000000000029e-02
1.600000000000000033e-02
1.700000000000000122e-02
1.799999999999999864e-02
2.000000000000000042e-02
2.199999999999999872e-02
2.299999999999999961e-02
0.000000000000000000e+00
1.650000000000000078e-01
2.320000000000000118e-01
2.829999999999999738e-01
2.869999999999999774e-01
2.700000000000000178e-01
2.429999999999999938e-01
2.129999999999999949e-01
1.829999999999999960e-01
1.549999999999999989e-01
1.300000000000000044e-01
1.079999999999999988e-01
8.999999999999999667e-02
7.399999999999999634e-02
5.999999999999999778e-02
4.900000000000000189e-02
4.000000000000000083e-02
3.200000000000000067e-02
2.599999999999999881e-02
2.100000000000000130e-02
1.700000000000000122e-02
0.000000000000000000e+00
1.819999999999999951e-01
2.740000000000000213e-01
3.439999999999999725e-01
3.529999999999999805e-01
3.330000000000000182e-01
3.019999999999999907e-01
2.660000000000000142e-01
2.310000000000000109e-01
1.990000000000000102e-01
1.690000000000000113e-01
1.439999999999999891e-01
1.209999999999999964e-01
1.019999999999999934e-01
8.599999999999999312e-02
7.299999999999999545e-02
6.099999999999999867e-02
5.199999999999999761e-02
4.299999999999999656e-02
3.699999999999999817e-02
3.099999999999999978e-02
1.000000000000000021e-03
2.320000000000000118e-01
3.230000000000000093e-01
4.149999999999999800e-01
4.319999999999999951e-01
4.149999999999999800e-01
3.810000000000000053e-01
3.410000000000000253e-01
2.999999999999999889e-01
2.610000000000000098e-01
2.250000000000000056e-01
1.930000000000000049e-01
1.650000000000000078e-01
1.400000000000000133e-01
1.199999999999999956e-01
1.019999999999999934e-01
8.599999999999999312e-02
7.299999999999999545e-02
6.199999999999999956e-02
5.299999999999999850e-02
4.499999999999999833e-02
1.000000000000000021e-03
2.959999999999999853e-01
3.770000000000000018e-01
4.869999999999999885e-01
5.120000000000000107e-01
4.959999999999999964e-01
4.610000000000000209e-01
4.179999999999999827e-01
3.719999999999999973e-01
3.280000000000000138e-01
2.879999999999999782e-01
2.510000000000000009e-01
2.179999999999999993e-01
1.900000000000000022e-01
1.650000000000000078e-01
1.429999999999999882e-01
1.239999999999999991e-01
1.079999999999999988e-01
9.400000000000000022e-02
8.200000000000000344e-02
7.199999999999999456e-02
1.000000000000000021e-03
3.750000000000000000e-01
4.450000000000000067e-01
5.590000000000000524e-01
5.849999999999999645e-01
5.699999999999999512e-01
5.350000000000000311e-01
4.909999999999999920e-01
4.440000000000000058e-01
3.990000000000000213e-01
3.559999999999999831e-01
3.160000000000000031e-01
2.810000000000000275e-01
2.489999999999999991e-01
2.200000000000000011e-01
1.950000000000000067e-01
1.729999999999999871e-01
1.539999999999999980e-01
1.370000000000000107e-01
1.219999999999999973e-01
1.089999999999999997e-01
1.000000000000000021e-03
4.139999999999999791e-01
5.040000000000000036e-01
6.209999999999999964e-01
6.490000000000000213e-01
6.370000000000000107e-01
6.039999999999999813e-01
5.620000000000000551e-01
5.160000000000000142e-01
4.699999999999999734e-01
4.259999999999999898e-01
3.850000000000000089e-01
3.469999999999999751e-01
3.119999999999999996e-01
2.810000000000000275e-01
2.530000000000000027e-01
2.280000000000000082e-01
2.049999999999999878e-01
1.849999999999999978e-01
1.680000000000000104e-01
1.519999999999999962e-01
1.000000000000000021e-03
4.580000000000000182e-01
5.659999999999999476e-01
6.979999999999999538e-01
7.349999999999999867e-01
7.279999999999999805e-01
6.969999999999999529e-01
6.540000000000000258e-01
6.059999999999999831e-01
5.570000000000000506e-01
5.100000000000000089e-01
4.640000000000000235e-01
4.209999999999999853e-01
3.820000000000000062e-01
3.459999999999999742e-01
3.130000000000000004e-01
2.839999999999999747e-01
2.570000000000000062e-01
2.340000000000000135e-01
2.119999999999999940e-01
1.930000000000000049e-01
1.000000000000000021e-03
5.280000000000000249e-01
6.300000000000000044e-01
7.760000000000000231e-01
8.209999999999999520e-01
8.169999999999999485e-01
7.870000000000000329e-01
7.449999999999999956e-01
6.959999999999999520e-01
6.450000000000000178e-01
5.949999999999999734e-01
5.470000000000000417e-01
5.010000000000000009e-01
4.590000000000000191e-01
4.199999999999999845e-01
3.840000000000000080e-01
3.509999999999999787e-01
3.220000000000000084e-01
2.949999999999999845e-01
2.710000000000000187e-01
2.489999999999999991e-01
2.000000000000000042e-03
5.819999999999999618e-01
6.919999999999999485e-01
8.529999999999999805e-01
9.080000000000000293e-01
9.100000000000000311e-01
8.840000000000000080e-01
8.429999999999999716e-01
7.940000000000000391e-01
7.419999999999999929e-01
6.889999999999999458e-01
6.380000000000000115e-01
5.879999999999999671e-01
5.420000000000000373e-01
4.979999999999999982e-01
4.580000000000000182e-01
4.209999999999999853e-01
3.880000000000000115e-01
3.569999999999999840e-01
3.280000000000000138e-01
3.029999999999999916e-01
2.000000000000000042e-03
6.280000000000000027e-01
7.570000000000000062e-01
9.340000000000000524e-01
9.969999999999999973e-01
1.004000000000000004e+00
9.819999999999999840e-01
9.419999999999999485e-01
8.920000000000000151e-01
8.389999999999999680e-01
7.840000000000000302e-01
7.299999999999999822e-01
6.780000000000000471e-01
6.280000000000000027e-01
5.809999999999999609e-01
5.380000000000000338e-01
4.969999999999999973e-01
4.600000000000000200e-01
4.249999999999999889e-01
3.940000000000000169e-01
3.639999999999999902e-01
2.000000000000000042e-03
6.520000000000000240e-01
8.259999999999999565e-01
1.024000000000000021e+00
1.098999999999999977e+00
1.112000000000000099e+00
1.090999999999999970e+00
1.050999999999999934e+00
1.000999999999999890e+00
9.439999999999999503e-01
8.860000000000000098e-01
8.279999999999999583e-01
7.710000000000000187e-01
7.169999999999999707e-01
6.660000000000000364e-01
6.179999999999999938e-01
5.739999999999999547e-01
5.320000000000000284e-01
4.939999999999999947e-01
4.580000000000000182e-01
4.259999999999999898e-01
2.000000000000000042e-03
6.909999999999999476e-01
8.920000000000000151e-01
1.110999999999999988e+00
1.197000000000000064e+00
1.215999999999999970e+00
1.199000000000000066e+00
1.159999999999999920e+00
1.108999999999999986e+00
1.052000000000000046e+00
9.919999999999999929e-01
9.310000000000000497e-01
8.719999999999999973e-01
8.159999999999999476e-01
7.620000000000000107e-01
7.109999999999999654e-01
6.630000000000000338e-01
6.189999999999999947e-01
5.779999999999999583e-01
5.400000000000000355e-01
5.050000000000000044e-01
2.000000000000000042e-03
7.209999999999999742e-01
9.459999999999999520e-01
1.175000000000000044e+00
1.270999999999999908e+00
1.300000000000000044e+00
1.290999999999999925e+00
1.258000000000000007e+00
1.211000000000000076e+00
1.155999999999999917e+00
1.096999999999999975e+00
1.036000000000000032e+00
9.749999999999999778e-01
9.160000000000000364e-01
8.579999999999999849e-01
8.030000000000000471e-01
7.500000000000000000e-01
7.009999999999999565e-01
6.540000000000000258e-01
6.109999999999999876e-01
5.699999999999999512e-01
1.000000000000000021e-03
4.109999999999999765e-01
1.038999999999999924e+00
1.342000000000000082e+00
1.389000000000000012e+00
1.340000000000000080e+00
1.129000000000000004e+00
7.970000000000000417e-01
6.370000000000000107e-01
5.190000000000000169e-01
4.570000000000000173e-01
3.880000000000000115e-01
3.469999999999999751e-01
3.370000000000000218e-01
1.000000000000000021e-03
4.440000000000000058e-01
1.135000000000000009e+00
1.475999999999999979e+00
1.534000000000000030e+00
1.500999999999999890e+00
1.294999999999999929e+00
9.280000000000000471e-01
7.439999999999999947e-01
6.179999999999999938e-01
5.460000000000000409e-01
4.689999999999999725e-01
4.279999999999999916e-01
4.000000000000000222e-01
1.000000000000000021e-03
4.769999999999999796e-01
1.229999999999999982e+00
1.610000000000000098e+00
1.687999999999999945e+00
1.653000000000000025e+00
1.433000000000000052e+00
1.054000000000000048e+00
8.529999999999999805e-01
7.199999999999999734e-01
6.420000000000000151e-01
5.520000000000000462e-01
5.010000000000000009e-01
4.719999999999999751e-01
1.000000000000000021e-03
5.090000000000000080e-01
1.320000000000000062e+00
1.745999999999999996e+00
1.846000000000000085e+00
1.812000000000000055e+00
1.631999999999999895e+00
1.272000000000000020e+00
9.809999999999999831e-01
8.249999999999999556e-01
7.449999999999999956e-01
6.420000000000000151e-01
5.859999999999999654e-01
5.520000000000000462e-01
1.000000000000000021e-03
5.420000000000000373e-01
1.417000000000000037e+00
1.883000000000000007e+00
2.008000000000000007e+00
1.981000000000000094e+00
1.810000000000000053e+00
1.447000000000000064e+00
1.201999999999999957e+00
1.000999999999999890e+00
8.539999999999999813e-01
7.530000000000000027e-01
6.800000000000000488e-01
6.400000000000000133e-01
1.000000000000000021e-03
5.759999999999999565e-01
1.514999999999999902e+00
2.023000000000000131e+00
2.168000000000000149e+00
2.152000000000000135e+00
1.989999999999999991e+00
1.643000000000000016e+00
1.403999999999999915e+00
1.187000000000000055e+00
9.649999999999999689e-01
8.499999999999999778e-01
7.680000000000000160e-01
7.329999999999999849e-01
2.000000000000000042e-03
6.089999999999999858e-01
1.616000000000000103e+00
2.165999999999999925e+00
2.335999999999999854e+00
2.371999999999999886e+00
2.205999999999999961e+00
1.911000000000000032e+00
1.683000000000000052e+00
1.455999999999999961e+00
1.241000000000000103e+00
1.030999999999999917e+00
8.980000000000000204e-01
8.349999999999999645e-01
1.053999999999999937e-01
1.242999999999999938e-01
1.439000000000000001e-01
1.650000000000000078e-01
1.771000000000000074e-01
1.779999999999999916e-01
1.862000000000000044e-01
1.864000000000000101e-01
1.940000000000000058e-01
2.000000000000000111e-01
1.970000000000000084e-01
1.983999999999999930e-01
1.943000000000000005e-01
1.847000000000000031e-01
1.368000000000000049e-01
7.939999999999999836e-02
1.629999999999999939e-03
1.416999999999999926e-01
1.673000000000000043e-01
1.938999999999999890e-01
2.220000000000000029e-01
2.359999999999999876e-01
2.389999999999999902e-01
2.510000000000000009e-01
2.500000000000000000e-01
2.590000000000000080e-01
2.680000000000000160e-01
2.620000000000000107e-01
2.640000000000000124e-01
2.590000000000000080e-01
2.429999999999999938e-01
1.778000000000000136e-01
1.028000000000000025e-01
1.889999999999999970e-03
1.850999999999999868e-01
2.210000000000000020e-01
2.560000000000000053e-01
2.919999999999999818e-01
3.089999999999999969e-01
3.119999999999999996e-01
3.290000000000000147e-01
3.250000000000000111e-01
3.370000000000000218e-01
3.469999999999999751e-01
3.400000000000000244e-01
3.459999999999999742e-01
3.400000000000000244e-01
3.130000000000000004e-01
2.260000000000000064e-01
1.307999999999999996e-01
2.269999999999999882e-03
2.399999999999999911e-01
2.859999999999999765e-01
3.300000000000000155e-01
3.780000000000000027e-01
3.970000000000000195e-01
4.000000000000000222e-01
4.239999999999999880e-01
4.149999999999999800e-01
4.319999999999999951e-01
4.450000000000000067e-01
4.319999999999999951e-01
4.410000000000000031e-01
4.339999999999999969e-01
3.970000000000000195e-01
2.829999999999999738e-01
1.643000000000000016e-01
2.720000000000000195e-03
3.089999999999999969e-01
3.659999999999999920e-01
4.219999999999999862e-01
4.859999999999999876e-01
5.060000000000000053e-01
5.110000000000000098e-01
5.410000000000000364e-01
5.290000000000000258e-01
5.510000000000000453e-01
5.649999999999999467e-01
5.500000000000000444e-01
5.610000000000000542e-01
5.520000000000000462e-01
4.949999999999999956e-01
3.509999999999999787e-01
2.039999999999999869e-01
3.210000000000000180e-03
3.840000000000000080e-01
4.550000000000000155e-01
5.240000000000000213e-01
6.019999999999999796e-01
6.270000000000000018e-01
6.350000000000000089e-01
6.690000000000000391e-01
6.650000000000000355e-01
6.790000000000000480e-01
6.979999999999999538e-01
6.760000000000000453e-01
6.929999999999999494e-01
6.750000000000000444e-01
6.069999999999999840e-01
4.259999999999999898e-01
2.500000000000000000e-01
3.569999999999999823e-03
4.209999999999999853e-01
5.580000000000000515e-01
6.410000000000000142e-01
7.329999999999999849e-01
7.660000000000000142e-01
7.730000000000000204e-01
8.129999999999999449e-01
7.960000000000000409e-01
8.249999999999999556e-01
8.459999999999999742e-01
8.199999999999999512e-01
8.429999999999999716e-01
8.209999999999999520e-01
7.309999999999999831e-01
5.260000000000000231e-01
2.999999999999999889e-01
6.219999999999999835e-03
5.040000000000000036e-01
6.650000000000000355e-01
7.600000000000000089e-01
8.750000000000000000e-01
9.150000000000000355e-01
9.180000000000000382e-01
9.669999999999999707e-01
9.449999999999999512e-01
9.769999999999999796e-01
1.002000000000000002e+00
9.709999999999999742e-01
9.989999999999999991e-01
9.719999999999999751e-01
8.609999999999999876e-01
6.189999999999999947e-01
3.509999999999999787e-01
6.890000000000000291e-03
1.053999999999999937e-01
1.199999999999999956e-01
1.396000000000000019e-01
1.534000000000000086e-01
1.645000000000000073e-01
1.789000000000000035e-01
1.917999999999999983e-01
2.059999999999999887e-01
2.109999999999999931e-01
1.998000000000000054e-01
1.353000000000000036e-01
8.200000000000000344e-02
1.416999999999999926e-01
1.610000000000000042e-01
1.869999999999999996e-01
2.030000000000000138e-01
2.260000000000000064e-01
2.369999999999999885e-01
2.500000000000000000e-01
2.640000000000000124e-01
2.660000000000000142e-01
2.449999999999999956e-01
1.600000000000000033e-01
9.099999999999999756e-02
1.850999999999999868e-01
2.109999999999999931e-01
2.419999999999999929e-01
2.630000000000000115e-01
2.849999999999999756e-01
3.079999999999999960e-01
3.220000000000000084e-01
3.330000000000000182e-01
3.320000000000000173e-01
2.969999999999999862e-01
1.874000000000000110e-01
1.010000000000000064e-01
2.399999999999999911e-01
2.720000000000000195e-01
3.109999999999999987e-01
3.410000000000000253e-01
3.689999999999999947e-01
3.890000000000000124e-01
4.030000000000000249e-01
4.139999999999999791e-01
4.040000000000000258e-01
3.549999999999999822e-01
2.179999999999999993e-01
1.100000000000000006e-01
3.089999999999999969e-01
3.479999999999999760e-01
3.960000000000000187e-01
4.309999999999999942e-01
4.610000000000000209e-01
4.829999999999999849e-01
5.020000000000000018e-01
5.100000000000000089e-01
4.899999999999999911e-01
4.229999999999999871e-01
2.520000000000000018e-01
1.199999999999999956e-01
3.840000000000000080e-01
4.339999999999999969e-01
4.909999999999999920e-01
5.310000000000000275e-01
5.639999999999999458e-01
5.889999999999999680e-01
6.059999999999999831e-01
6.109999999999999876e-01
5.829999999999999627e-01
4.939999999999999947e-01
2.879999999999999782e-01
1.310000000000000053e-01
4.209999999999999853e-01
5.310000000000000275e-01
5.989999999999999769e-01
6.480000000000000204e-01
6.790000000000000480e-01
7.129999999999999671e-01
7.269999999999999796e-01
7.259999999999999787e-01
6.820000000000000506e-01
5.709999999999999520e-01
3.260000000000000120e-01
1.409999999999999865e-01
5.040000000000000036e-01
6.300000000000000044e-01
7.119999999999999662e-01
7.670000000000000151e-01
7.920000000000000373e-01
8.339999999999999636e-01
8.489999999999999769e-01
8.409999999999999698e-01
7.840000000000000302e-01
6.480000000000000204e-01
3.629999999999999893e-01
1.519999999999999962e-01
3.870000000000000107e-01
1.419999999999999873e-01
3.150000000000000022e-01
6.730000000000000426e-01
4.809999999999999831e-01
3.760000000000000009e-01
2.069999999999999896e-01
5.849999999999999645e-01
9.100000000000000311e-01
8.029999999999999638e-02
2.429999999999999938e-01
4.460000000000000075e-01
6.939999999999999503e-01
1.100000000000000089e+00
1.179999999999999938e-01
2.810000000000000275e-01
5.050000000000000044e-01
8.070000000000000506e-01
1.189000000000000057e+00
2.059999999999999887e-01
3.220000000000000084e-01
5.620000000000000551e-01
9.200000000000000400e-01
1.487000000000000099e+00
3.519999999999999796e-01
2.930000000000000160e+00
3.619999999999999885e-01
6.059999999999999831e-01
1.040000000000000036e+00
1.695999999999999952e+00
6.440000000000000169e-01
4.050000000000000266e-01
7.019999999999999574e-01
1.165999999999999925e+00
1.911999999999999922e+00
1.437000000000000055e+00
3.709999999999999964e+00
4.490000000000000102e-01
7.449999999999999956e-01
1.298000000000000043e+00
2.129999999999999893e+00
2.490000000000000213e+00
4.219999999999999751e+00
4.969999999999999973e-01
8.319999999999999618e-01
1.435999999999999943e+00
2.370000000000000107e+00
2.799999999999999822e+00
4.940000000000000391e+00
5.460000000000000409e-01
9.300000000000000488e-01
1.592000000000000082e+00
2.620000000000000107e+00
3.129999999999999893e+00
5.969999999999999751e-01
1.028999999999999915e+00
1.739000000000000101e+00
2.879999999999999893e+00
3.459999999999999964e+00
5.969999999999999751e+00
6.500000000000000222e-01
1.129000000000000004e+00
1.895999999999999908e+00
3.149999999999999911e+00
3.810000000000000053e+00
7.039999999999999591e-01
1.227999999999999980e+00
2.060000000000000053e+00
3.430000000000000160e+00
4.179999999999999716e+00
7.169999999999999929e+00
7.590000000000000080e-01
1.334999999999999964e+00
2.220000000000000195e+00
3.720000000000000195e+00
4.570000000000000284e+00
8.159999999999999476e-01
1.437000000000000055e+00
2.390000000000000124e+00
4.009999999999999787e+00
4.969999999999999751e+00
8.509999999999999787e+00
8.739999999999999991e-01
1.542999999999999927e+00
2.560000000000000053e+00
4.320000000000000284e+00
5.379999999999999893e+00
9.320000000000000506e-01
1.661000000000000032e+00
2.729999999999999982e+00
4.620000000000000107e+00
5.799999999999999822e+00
9.300000000000000711e+00
9.919999999999999929e-01
1.772999999999999909e+00
2.910000000000000142e+00
4.929999999999999716e+00
6.240000000000000213e+00
1.052999999999999936e+00
1.875000000000000000e+00
3.089999999999999858e+00
5.240000000000000213e+00
6.679999999999999716e+00
1.048000000000000043e+01
1.112000000000000099e+00
1.989000000000000101e+00
3.189999999999999947e+00
5.549999999999999822e+00
7.120000000000000107e+00
3.350000000000000089e+00
5.830000000000000071e+00
7.570000000000000284e+00
4.064000000000000121e-04
3.363999999999999911e-04
3.032999999999999997e-04
2.763999999999999964e-04
2.602999999999999845e-04
2.492999999999999882e-04
2.409000000000000009e-04
2.334000000000000083e-04
2.276000000000000028e-04
2.239999999999999966e-04
2.213000000000000123e-04
2.190000000000000106e-04
4.194000000000000028e-04
3.470999999999999802e-04
3.131000000000000211e-04
2.855000000000000007e-04
2.688999999999999767e-04
2.575000000000000249e-04
2.488999999999999785e-04
2.412000000000000081e-04
2.351999999999999978e-04
2.314999999999999892e-04
2.288000000000000049e-04
2.264000000000000008e-04
4.323999999999999936e-04
3.579000000000000258e-04
3.227999999999999858e-04
2.942999999999999978e-04
2.772000000000000158e-04
2.652999999999999976e-04
2.566000000000000030e-04
2.486000000000000254e-04
2.425000000000000126e-04
2.387000000000000016e-04
2.358999999999999877e-04
2.334000000000000083e-04
4.453999999999999843e-04
3.684000000000000100e-04
3.321999999999999975e-04
3.027999999999999876e-04
2.851999999999999934e-04
2.730000000000000222e-04
2.640000000000000202e-04
2.556999999999999811e-04
2.493999999999999906e-04
2.455000000000000042e-04
2.426999999999999904e-04
2.401000000000000085e-04
4.554000000000000105e-04
3.767999999999999973e-04
3.398000000000000196e-04
3.097999999999999951e-04
2.917999999999999912e-04
2.794000000000000151e-04
2.702000000000000083e-04
2.618000000000000210e-04
2.553999999999999738e-04
2.513999999999999850e-04
2.487999999999999760e-04
2.459000000000000140e-04
4.620000000000000083e-04
3.828999999999999830e-04
3.454999999999999955e-04
3.152000000000000179e-04
2.971000000000000116e-04
2.844999999999999764e-04
2.753000000000000239e-04
2.667999999999999799e-04
2.603999999999999869e-04
2.563999999999999981e-04
2.537999999999999892e-04
2.509999999999999753e-04
4.710000000000000102e-04
3.904000000000000027e-04
3.520999999999999933e-04
3.212000000000000011e-04
3.028999999999999900e-04
2.900000000000000017e-04
2.805999999999999901e-04
2.719999999999999979e-04
2.655000000000000025e-04
2.615000000000000137e-04
2.588000000000000023e-04
2.559999999999999884e-04
4.770999999999999959e-04
3.958000000000000255e-04
3.571000000000000064e-04
3.258000000000000045e-04
3.072999999999999885e-04
2.941999999999999954e-04
2.848999999999999862e-04
2.761999999999999915e-04
2.697999999999999986e-04
2.657000000000000074e-04
2.629999999999999959e-04
2.600999999999999797e-04
7.524000000000000306e-03
7.440000000000000432e-03
7.387000000000000337e-03
7.326000000000000047e-03
7.237999999999999642e-03
7.127999999999999788e-03
7.001000000000000278e-03
6.898999999999999751e-03
6.723999999999999942e-03
6.596000000000000300e-03
6.492000000000000375e-03
6.402999999999999838e-03
6.285999999999999921e-03
8.075000000000000580e-03
7.983000000000000512e-03
7.901000000000000037e-03
7.851000000000000340e-03
7.746000000000000281e-03
7.618999999999999904e-03
7.488999999999999997e-03
7.374000000000000346e-03
7.198999999999999670e-03
7.056999999999999905e-03
6.943999999999999652e-03
6.839999999999999726e-03
6.714999999999999615e-03
8.604000000000000536e-03
8.515999999999999265e-03
8.441999999999999851e-03
8.371999999999999234e-03
8.262999999999999512e-03
8.130000000000000074e-03
7.981000000000000247e-03
7.860000000000000667e-03
7.668000000000000337e-03
7.519999999999999775e-03
7.398000000000000062e-03
7.291999999999999871e-03
7.154999999999999902e-03
9.166999999999999801e-03
9.076999999999999999e-03
8.992999999999999258e-03
8.925999999999999907e-03
8.798000000000000265e-03
8.639000000000000845e-03
8.486000000000000487e-03
8.361000000000000376e-03
8.151999999999999524e-03
7.995999999999999636e-03
7.858999999999999667e-03
7.741999999999999750e-03
7.597999999999999719e-03
9.709000000000000616e-03
9.622000000000000344e-03
9.532000000000000542e-03
9.459999999999999659e-03
9.329999999999999752e-03
9.171999999999999598e-03
8.999000000000000055e-03
8.861000000000000820e-03
8.649000000000000438e-03
8.470999999999999364e-03
8.330000000000000598e-03
8.200000000000000691e-03
8.049999999999999864e-03
1.030999999999999972e-02
1.015500000000000083e-02
1.009499999999999981e-02
1.003300000000000025e-02
9.884000000000000424e-03
9.697000000000000758e-03
9.525000000000000480e-03
9.379000000000000184e-03
9.148999999999999147e-03
8.947999999999999357e-03
8.791999999999999468e-03
8.661000000000000296e-03
8.493999999999999814e-03
1.089500000000000017e-02
1.077200000000000032e-02
1.067700000000000073e-02
1.059200000000000072e-02
1.043799999999999936e-02
1.024199999999999937e-02
1.005699999999999997e-02
9.896999999999999548e-03
9.646999999999999326e-03
9.449000000000000801e-03
9.289000000000000382e-03
9.147000000000000616e-03
8.968000000000000277e-03
1.147500000000000082e-02
1.135700000000000078e-02
1.127500000000000030e-02
1.116499999999999958e-02
1.099999999999999936e-02
1.080799999999999990e-02
1.059299999999999999e-02
1.043299999999999957e-02
1.016300000000000016e-02
9.952000000000000776e-03
9.769999999999999171e-03
9.622999999999999610e-03
9.457999999999999394e-03
2.580000000000000071e+00
2.839999999999999858e+00
3.069999999999999840e+00
3.660000000000000142e+00
3.859999999999999876e+00
4.049999999999999822e+00
4.370000000000000107e+00
4.400000000000000355e+00
4.480000000000000426e+00
4.410000000000000142e+00
4.219999999999999751e+00
3.930000000000000160e+00
3.459999999999999964e+00
3.129999999999999893e+00
2.770000000000000018e+00
2.549999999999999822e+00
1.983000000000000096e+00
1.457999999999999963e+00
6.390000000000000124e-01
4.219999999999999862e-01
3.549999999999999822e-01
3.019999999999999907e-01
2.990000000000000213e+00
3.279999999999999805e+00
3.589999999999999858e+00
4.290000000000000036e+00
4.559999999999999609e+00
4.839999999999999858e+00
5.150000000000000355e+00
5.250000000000000000e+00
5.379999999999999893e+00
5.349999999999999645e+00
5.160000000000000142e+00
4.799999999999999822e+00
4.309999999999999609e+00
3.939999999999999947e+00
3.520000000000000018e+00
3.160000000000000142e+00
2.589999999999999858e+00
2.009999999999999787e+00
1.038000000000000034e+00
7.019999999999999574e-01
6.250000000000000000e-01
5.160000000000000142e-01
3.410000000000000142e+00
3.770000000000000018e+00
4.129999999999999893e+00
4.950000000000000178e+00
5.269999999999999574e+00
5.589999999999999858e+00
6.030000000000000249e+00
6.120000000000000107e+00
6.299999999999999822e+00
6.259999999999999787e+00
6.049999999999999822e+00
5.679999999999999716e+00
5.150000000000000355e+00
4.759999999999999787e+00
4.320000000000000284e+00
3.910000000000000142e+00
3.259999999999999787e+00
2.500000000000000000e+00
1.500999999999999890e+00
1.050999999999999934e+00
9.399999999999999467e-01
7.990000000000000435e-01
3.870000000000000107e+00
4.250000000000000000e+00
4.679999999999999716e+00
5.620000000000000107e+00
6.000000000000000000e+00
6.370000000000000107e+00
6.980000000000000426e+00
7.049999999999999822e+00
7.230000000000000426e+00
7.200000000000000178e+00
7.000000000000000000e+00
6.639999999999999680e+00
6.049999999999999822e+00
5.629999999999999893e+00
5.120000000000000107e+00
4.780000000000000249e+00
3.970000000000000195e+00
3.149999999999999911e+00
1.959999999999999964e+00
1.481999999999999984e+00
1.336000000000000076e+00
1.153999999999999915e+00
2.870000000000000107e+00
2.979999999999999982e+00
3.209999999999999964e+00
3.450000000000000178e+00
3.709999999999999964e+00
3.750000000000000000e+00
3.819999999999999840e+00
3.790000000000000036e+00
3.779999999999999805e+00
3.470000000000000195e+00
3.430000000000000160e+00
3.140000000000000124e+00
2.370000000000000107e+00
2.069999999999999840e+00
1.754000000000000004e+00
1.197999999999999954e+00
8.940000000000000169e-01
7.399999999999999911e-01
4.060000000000000275e-01
3.210000000000000075e-01
2.700000000000000178e-01
1.806999999999999995e-01
3.370000000000000107e+00
3.509999999999999787e+00
3.819999999999999840e+00
4.169999999999999929e+00
4.389999999999999680e+00
4.540000000000000036e+00
4.610000000000000320e+00
4.589999999999999858e+00
4.570000000000000284e+00
4.299999999999999822e+00
4.259999999999999787e+00
3.990000000000000213e+00
3.049999999999999822e+00
2.709999999999999964e+00
2.290000000000000036e+00
1.719000000000000083e+00
1.354000000000000092e+00
1.068000000000000060e+00
6.470000000000000195e-01
5.140000000000000124e-01
4.460000000000000075e-01
3.210000000000000075e-01
3.910000000000000142e+00
3.950000000000000178e+00
4.450000000000000178e+00
4.889999999999999680e+00
5.139999999999999680e+00
5.349999999999999645e+00
5.450000000000000178e+00
5.490000000000000213e+00
5.379999999999999893e+00
5.160000000000000142e+00
5.129999999999999893e+00
4.809999999999999609e+00
3.720000000000000195e+00
3.390000000000000124e+00
2.890000000000000124e+00
2.220000000000000195e+00
1.812000000000000055e+00
1.447000000000000064e+00
9.659999999999999698e-01
7.760000000000000231e-01
6.840000000000000524e-01
5.190000000000000169e-01
4.280000000000000249e+00
4.620000000000000107e+00
5.110000000000000320e+00
5.459999999999999964e+00
5.809999999999999609e+00
6.059999999999999609e+00
6.120000000000000107e+00
6.190000000000000391e+00
6.120000000000000107e+00
6.009999999999999787e+00
5.940000000000000391e+00
5.589999999999999858e+00
4.509999999999999787e+00
4.080000000000000071e+00
3.490000000000000213e+00
2.770000000000000018e+00
2.350000000000000089e+00
1.891999999999999904e+00
1.385999999999999899e+00
1.118999999999999995e+00
9.759999999999999787e-01
7.850000000000000311e-01
1.266999999999999897e-03
1.203999999999999992e-03
1.152000000000000029e-03
1.061000000000000094e-03
9.770000000000000039e-04
9.129999999999999661e-04
8.019999999999999785e-04
7.290000000000000473e-04
6.419999999999999925e-04
5.969999999999999829e-04
5.190000000000000386e-04
1.443000000000000055e-03
1.381000000000000066e-03
1.317999999999999944e-03
1.214999999999999934e-03
1.113000000000000057e-03
1.041999999999999958e-03
9.150000000000000147e-04
8.300000000000000086e-04
7.330000000000000361e-04
6.679999999999999740e-04
5.919999999999999698e-04
1.650999999999999907e-03
1.575999999999999927e-03
1.505000000000000044e-03
1.381999999999999982e-03
1.268999999999999946e-03
1.185000000000000072e-03
1.038999999999999993e-03
9.430000000000000448e-04
8.329999999999999731e-04
7.619999999999999820e-04
6.710000000000000469e-04
1.884999999999999957e-03
1.799999999999999951e-03
1.716000000000000077e-03
1.570999999999999914e-03
1.438999999999999958e-03
1.342000000000000094e-03
1.172000000000000082e-03
1.064999999999999974e-03
9.420000000000000205e-04
8.589999999999999546e-04
7.590000000000000175e-04
2.128000000000000117e-03
2.028999999999999988e-03
1.928000000000000026e-03
1.766999999999999908e-03
1.616000000000000032e-03
1.508999999999999925e-03
1.312999999999999931e-03
1.193000000000000050e-03
1.056000000000000081e-03
9.610000000000000486e-04
8.480000000000000124e-04
2.402000000000000055e-03
2.284000000000000006e-03
2.171999999999999886e-03
1.981999999999999821e-03
1.807999999999999928e-03
1.685999999999999999e-03
1.464000000000000024e-03
1.327999999999999970e-03
1.172000000000000082e-03
1.069000000000000072e-03
9.409999999999999962e-04
2.684999999999999887e-03
2.547999999999999918e-03
2.420999999999999975e-03
2.203999999999999796e-03
2.007000000000000103e-03
1.868000000000000086e-03
1.621000000000000045e-03
1.467999999999999904e-03
1.294000000000000011e-03
1.180000000000000059e-03
1.034999999999999896e-03
2.997999999999999797e-03
2.837999999999999811e-03
2.693000000000000081e-03
2.441000000000000027e-03
2.217999999999999920e-03
2.062000000000000031e-03
1.783999999999999996e-03
1.613999999999999983e-03
1.418999999999999906e-03
1.294000000000000011e-03
1.136000000000000074e-03
1.182000000000000108e-03
1.136000000000000074e-03
1.033999999999999980e-03
9.579999999999999757e-04
8.959999999999999866e-04
8.260000000000000198e-04
7.630000000000000063e-04
7.110000000000000434e-04
6.350000000000000392e-04
5.730000000000000501e-04
4.979999999999999618e-04
1.350999999999999987e-03
1.296000000000000060e-03
1.183000000000000024e-03
1.092000000000000089e-03
1.018000000000000025e-03
9.389999999999999476e-04
8.689999999999999808e-04
8.080000000000000160e-04
7.190000000000000210e-04
6.480000000000000300e-04
5.619999999999999996e-04
1.544999999999999932e-03
1.480999999999999895e-03
1.348000000000000023e-03
1.245000000000000013e-03
1.159000000000000091e-03
1.067000000000000023e-03
9.859999999999998974e-04
9.169999999999999549e-04
8.159999999999999936e-04
7.360000000000000006e-04
6.390000000000000280e-04
1.770000000000000089e-03
1.693999999999999976e-03
1.536999999999999955e-03
1.417000000000000074e-03
1.317999999999999944e-03
1.214999999999999934e-03
1.119999999999999902e-03
1.038000000000000077e-03
9.250000000000000409e-04
8.339999999999999974e-04
7.200000000000000453e-04
1.988999999999999883e-03
1.905000000000000009e-03
1.727999999999999935e-03
1.582999999999999989e-03
1.474000000000000050e-03
1.353999999999999952e-03
1.252000000000000075e-03
1.162000000000000055e-03
1.030000000000000100e-03
9.300000000000000541e-04
8.069999999999999916e-04
2.236000000000000140e-03
2.135000000000000179e-03
1.928000000000000026e-03
1.768999999999999956e-03
1.642999999999999929e-03
1.510000000000000057e-03
1.392999999999999924e-03
1.291999999999999963e-03
1.144999999999999967e-03
1.033999999999999980e-03
8.959999999999999866e-04
2.497999999999999787e-03
2.382000000000000003e-03
2.144000000000000072e-03
1.965999999999999866e-03
1.822999999999999968e-03
1.675999999999999972e-03
1.539000000000000003e-03
1.427000000000000100e-03
1.263999999999999933e-03
1.142000000000000003e-03
9.899999999999999946e-04
2.775999999999999822e-03
2.641000000000000118e-03
2.371999999999999977e-03
2.168999999999999921e-03
2.007999999999999802e-03
1.842000000000000104e-03
1.691000000000000012e-03
1.564000000000000069e-03
1.384999999999999946e-03
1.247999999999999977e-03
1.077999999999999965e-03
9.379999999999999449e-03
9.079999999999999530e-03
8.699999999999999400e-03
8.470000000000000098e-03
8.229999999999999469e-03
8.070000000000000784e-03
8.019999999999999352e-03
7.900000000000000772e-03
7.830000000000000154e-03
7.649999999999999682e-03
7.550000000000000287e-03
7.360000000000000223e-03
7.199999999999999803e-03
7.159999999999999698e-03
6.969999999999999633e-03
1.094000000000000007e-02
1.060000000000000005e-02
1.013000000000000012e-02
9.830000000000000196e-03
9.530000000000000276e-03
9.329999999999999752e-03
9.259999999999999135e-03
9.140000000000000555e-03
9.039999999999999425e-03
8.829999999999999308e-03
8.720000000000000320e-03
8.510000000000000203e-03
8.319999999999999271e-03
8.290000000000000493e-03
8.059999999999999457e-03
1.247000000000000018e-02
1.216000000000000067e-02
1.158000000000000002e-02
1.124999999999999958e-02
1.089999999999999997e-02
1.065999999999999934e-02
1.060000000000000005e-02
1.043999999999999963e-02
1.033000000000000064e-02
1.009000000000000001e-02
9.969999999999999696e-03
9.709999999999999881e-03
9.499999999999999764e-03
9.490000000000000172e-03
9.199999999999999845e-03
1.425000000000000051e-02
1.383999999999999987e-02
1.316999999999999942e-02
1.277000000000000010e-02
1.234999999999999987e-02
1.207000000000000087e-02
1.200999999999999984e-02
1.182000000000000065e-02
1.169000000000000074e-02
1.141999999999999960e-02
1.128000000000000010e-02
1.098000000000000018e-02
1.072999999999999995e-02
1.077000000000000006e-02
1.041000000000000085e-02
1.609000000000000014e-02
1.565000000000000072e-02
1.484000000000000076e-02
1.438000000000000042e-02
1.384999999999999946e-02
1.357000000000000046e-02
1.350999999999999944e-02
1.328000000000000014e-02
1.315000000000000023e-02
1.282999999999999939e-02
1.267000000000000071e-02
1.233000000000000068e-02
1.207000000000000087e-02
1.213999999999999975e-02
1.169000000000000074e-02
1.795000000000000068e-02
1.739999999999999880e-02
1.651999999999999996e-02
1.609000000000000014e-02
1.549999999999999989e-02
1.514000000000000068e-02
1.507000000000000006e-02
1.482999999999999943e-02
1.468999999999999993e-02
1.434000000000000032e-02
1.416000000000000071e-02
1.379000000000000017e-02
1.349000000000000025e-02
1.361000000000000057e-02
1.306000000000000043e-02
