5.800000000000000294e-02
5.999999999999999778e-02
6.199999999999999956e-02
6.400000000000000133e-02
6.400000000000000133e-02
6.600000000000000311e-02
6.700000000000000400e-02
6.800000000000000488e-02
7.000000000000000666e-02
7.099999999999999367e-02
7.199999999999999456e-02
7.399999999999999634e-02
7.499999999999999722e-02
7.699999999999999900e-02
7.799999999999999989e-02
7.900000000000000078e-02
8.100000000000000255e-02
8.200000000000000344e-02
8.400000000000000522e-02
8.500000000000000611e-02
8.599999999999999312e-02
8.799999999999999489e-02
8.999999999999999667e-02
9.099999999999999756e-02
9.299999999999999933e-02
9.400000000000000022e-02
9.600000000000000200e-02
9.700000000000000289e-02
9.900000000000000466e-02
9.900000000000000466e-02
1.000000000000000056e-01
1.000000000000000056e-01
1.000000000000000056e-01
1.100000000000000006e-01
1.100000000000000006e-01
1.100000000000000006e-01
1.100000000000000006e-01
1.100000000000000006e-01
1.100000000000000006e-01
1.199999999999999956e-01
1.199999999999999956e-01
1.199999999999999956e-01
1.199999999999999956e-01
1.199999999999999956e-01
1.199999999999999956e-01
1.199999999999999956e-01
1.300000000000000044e-01
1.300000000000000044e-01
1.300000000000000044e-01
1.300000000000000044e-01
1.300000000000000044e-01
1.300000000000000044e-01
1.300000000000000044e-01
1.300000000000000044e-01
1.400000000000000133e-01
1.400000000000000133e-01
1.400000000000000133e-01
1.400000000000000133e-01
1.400000000000000133e-01
1.400000000000000133e-01
1.400000000000000133e-01
1.000000000000000056e-01
1.100000000000000006e-01
1.100000000000000006e-01
1.100000000000000006e-01
1.100000000000000006e-01
1.199999999999999956e-01
1.199999999999999956e-01
1.199999999999999956e-01
1.199999999999999956e-01
1.300000000000000044e-01
1.300000000000000044e-01
1.300000000000000044e-01
1.300000000000000044e-01
1.400000000000000133e-01
1.400000000000000133e-01
1.400000000000000133e-01
1.400000000000000133e-01
1.499999999999999944e-01
1.499999999999999944e-01
1.499999999999999944e-01
1.499999999999999944e-01
1.499999999999999944e-01
1.600000000000000033e-01
1.600000000000000033e-01
1.600000000000000033e-01
1.700000000000000122e-01
1.700000000000000122e-01
1.700000000000000122e-01
1.700000000000000122e-01
1.799999999999999933e-01
1.799999999999999933e-01
1.799999999999999933e-01
1.900000000000000022e-01
1.900000000000000022e-01
1.900000000000000022e-01
1.900000000000000022e-01
2.000000000000000111e-01
2.000000000000000111e-01
2.000000000000000111e-01
2.000000000000000111e-01
2.099999999999999922e-01
2.099999999999999922e-01
2.099999999999999922e-01
2.099999999999999922e-01
2.200000000000000011e-01
2.200000000000000011e-01
2.200000000000000011e-01
2.200000000000000011e-01
2.300000000000000100e-01
2.300000000000000100e-01
2.300000000000000100e-01
2.399999999999999911e-01
2.399999999999999911e-01
2.399999999999999911e-01
2.399999999999999911e-01
2.500000000000000000e-01
2.500000000000000000e-01
2.500000000000000000e-01
2.500000000000000000e-01
2.600000000000000089e-01
2.600000000000000089e-01
1.600000000000000033e-01
1.700000000000000122e-01
1.700000000000000122e-01
1.700000000000000122e-01
1.900000000000000022e-01
1.799999999999999933e-01
1.900000000000000022e-01
1.900000000000000022e-01
1.900000000000000022e-01
2.000000000000000111e-01
2.000000000000000111e-01
2.099999999999999922e-01
2.099999999999999922e-01
2.099999999999999922e-01
2.200000000000000011e-01
2.200000000000000011e-01
2.300000000000000100e-01
2.300000000000000100e-01
2.399999999999999911e-01
2.399999999999999911e-01
2.500000000000000000e-01
2.500000000000000000e-01
2.600000000000000089e-01
2.600000000000000089e-01
2.600000000000000089e-01
2.700000000000000178e-01
2.700000000000000178e-01
2.800000000000000266e-01
2.800000000000000266e-01
2.800000000000000266e-01
2.899999999999999800e-01
2.899999999999999800e-01
2.899999999999999800e-01
2.999999999999999889e-01
2.999999999999999889e-01
3.099999999999999978e-01
3.200000000000000067e-01
3.200000000000000067e-01
3.200000000000000067e-01
3.300000000000000155e-01
3.300000000000000155e-01
3.400000000000000244e-01
3.400000000000000244e-01
3.499999999999999778e-01
3.499999999999999778e-01
3.599999999999999867e-01
3.599999999999999867e-01
3.699999999999999956e-01
3.699999999999999956e-01
3.699999999999999956e-01
3.800000000000000044e-01
3.800000000000000044e-01
3.900000000000000133e-01
3.900000000000000133e-01
4.000000000000000222e-01
4.000000000000000222e-01
4.000000000000000222e-01
4.099999999999999756e-01
4.199999999999999845e-01
4.199999999999999845e-01
4.199999999999999845e-01
2.000000000000000111e-01
2.000000000000000111e-01
2.099999999999999922e-01
2.000000000000000111e-01
2.099999999999999922e-01
2.200000000000000011e-01
2.300000000000000100e-01
2.300000000000000100e-01
2.399999999999999911e-01
2.399999999999999911e-01
2.500000000000000000e-01
2.500000000000000000e-01
2.600000000000000089e-01
2.600000000000000089e-01
2.600000000000000089e-01
2.700000000000000178e-01
2.800000000000000266e-01
2.800000000000000266e-01
2.899999999999999800e-01
2.899999999999999800e-01
2.999999999999999889e-01
2.999999999999999889e-01
3.099999999999999978e-01
3.200000000000000067e-01
3.200000000000000067e-01
3.300000000000000155e-01
3.300000000000000155e-01
3.400000000000000244e-01
3.400000000000000244e-01
3.400000000000000244e-01
3.499999999999999778e-01
3.599999999999999867e-01
3.699999999999999956e-01
3.699999999999999956e-01
3.800000000000000044e-01
3.800000000000000044e-01
3.900000000000000133e-01
4.000000000000000222e-01
4.000000000000000222e-01
4.099999999999999756e-01
4.099999999999999756e-01
4.199999999999999845e-01
4.299999999999999933e-01
4.299999999999999933e-01
4.299999999999999933e-01
4.400000000000000022e-01
4.500000000000000111e-01
4.699999999999999734e-01
4.699999999999999734e-01
4.699999999999999734e-01
4.799999999999999822e-01
4.899999999999999911e-01
5.000000000000000000e-01
4.899999999999999911e-01
5.000000000000000000e-01
5.100000000000000089e-01
5.200000000000000178e-01
5.200000000000000178e-01
5.300000000000000266e-01
5.300000000000000266e-01
2.000000000000000111e-01
2.099999999999999922e-01
2.099999999999999922e-01
2.200000000000000011e-01
2.200000000000000011e-01
2.300000000000000100e-01
2.300000000000000100e-01
2.399999999999999911e-01
2.500000000000000000e-01
2.500000000000000000e-01
2.500000000000000000e-01
2.600000000000000089e-01
2.700000000000000178e-01
2.700000000000000178e-01
2.800000000000000266e-01
2.899999999999999800e-01
2.999999999999999889e-01
3.099999999999999978e-01
3.200000000000000067e-01
3.300000000000000155e-01
3.200000000000000067e-01
3.400000000000000244e-01
3.400000000000000244e-01
3.400000000000000244e-01
3.499999999999999778e-01
3.499999999999999778e-01
3.599999999999999867e-01
3.699999999999999956e-01
3.800000000000000044e-01
3.900000000000000133e-01
4.000000000000000222e-01
4.000000000000000222e-01
4.099999999999999756e-01
4.099999999999999756e-01
4.199999999999999845e-01
4.299999999999999933e-01
4.299999999999999933e-01
4.500000000000000111e-01
4.500000000000000111e-01
4.600000000000000200e-01
4.600000000000000200e-01
4.600000000000000200e-01
4.799999999999999822e-01
4.699999999999999734e-01
4.899999999999999911e-01
5.000000000000000000e-01
5.100000000000000089e-01
5.100000000000000089e-01
5.200000000000000178e-01
5.300000000000000266e-01
5.400000000000000355e-01
5.400000000000000355e-01
5.400000000000000355e-01
5.600000000000000533e-01
5.600000000000000533e-01
5.600000000000000533e-01
5.600000000000000533e-01
5.699999999999999512e-01
5.699999999999999512e-01
1.799999999999999933e-01
1.799999999999999933e-01
1.900000000000000022e-01
1.900000000000000022e-01
2.000000000000000111e-01
2.099999999999999922e-01
2.099999999999999922e-01
2.200000000000000011e-01
2.300000000000000100e-01
2.300000000000000100e-01
2.399999999999999911e-01
2.399999999999999911e-01
2.500000000000000000e-01
2.500000000000000000e-01
2.600000000000000089e-01
2.600000000000000089e-01
2.700000000000000178e-01
2.800000000000000266e-01
2.800000000000000266e-01
2.899999999999999800e-01
2.899999999999999800e-01
2.999999999999999889e-01
3.099999999999999978e-01
3.200000000000000067e-01
3.200000000000000067e-01
3.300000000000000155e-01
3.300000000000000155e-01
3.499999999999999778e-01
3.499999999999999778e-01
3.499999999999999778e-01
3.599999999999999867e-01
3.699999999999999956e-01
3.800000000000000044e-01
3.800000000000000044e-01
3.900000000000000133e-01
4.000000000000000222e-01
4.000000000000000222e-01
4.099999999999999756e-01
4.099999999999999756e-01
4.199999999999999845e-01
4.299999999999999933e-01
4.400000000000000022e-01
4.400000000000000022e-01
4.500000000000000111e-01
4.600000000000000200e-01
4.699999999999999734e-01
4.699999999999999734e-01
4.799999999999999822e-01
4.799999999999999822e-01
4.899999999999999911e-01
5.000000000000000000e-01
5.000000000000000000e-01
5.100000000000000089e-01
5.200000000000000178e-01
5.300000000000000266e-01
5.400000000000000355e-01
5.400000000000000355e-01
5.500000000000000444e-01
5.600000000000000533e-01
5.600000000000000533e-01
5.699999999999999512e-01
1.499999999999999944e-01
1.499999999999999944e-01
1.499999999999999944e-01
1.600000000000000033e-01
1.600000000000000033e-01
1.700000000000000122e-01
1.700000000000000122e-01
1.799999999999999933e-01
1.799999999999999933e-01
1.900000000000000022e-01
1.900000000000000022e-01
2.000000000000000111e-01
2.000000000000000111e-01
2.099999999999999922e-01
2.099999999999999922e-01
2.200000000000000011e-01
2.300000000000000100e-01
2.399999999999999911e-01
2.399999999999999911e-01
2.500000000000000000e-01
2.600000000000000089e-01
2.600000000000000089e-01
2.700000000000000178e-01
2.700000000000000178e-01
2.800000000000000266e-01
2.899999999999999800e-01
2.899999999999999800e-01
2.999999999999999889e-01
3.099999999999999978e-01
3.099999999999999978e-01
3.099999999999999978e-01
3.200000000000000067e-01
3.200000000000000067e-01
3.300000000000000155e-01
3.400000000000000244e-01
3.499999999999999778e-01
3.599999999999999867e-01
3.599999999999999867e-01
3.699999999999999956e-01
3.800000000000000044e-01
3.900000000000000133e-01
3.900000000000000133e-01
4.000000000000000222e-01
4.000000000000000222e-01
4.000000000000000222e-01
4.000000000000000222e-01
4.099999999999999756e-01
4.199999999999999845e-01
4.299999999999999933e-01
4.400000000000000022e-01
4.500000000000000111e-01
4.500000000000000111e-01
4.600000000000000200e-01
4.699999999999999734e-01
4.699999999999999734e-01
4.799999999999999822e-01
4.899999999999999911e-01
4.899999999999999911e-01
5.000000000000000000e-01
5.100000000000000089e-01
1.199999999999999956e-01
1.199999999999999956e-01
1.199999999999999956e-01
1.300000000000000044e-01
1.300000000000000044e-01
1.400000000000000133e-01
1.400000000000000133e-01
1.499999999999999944e-01
1.499999999999999944e-01
1.600000000000000033e-01
1.600000000000000033e-01
1.700000000000000122e-01
1.700000000000000122e-01
1.799999999999999933e-01
1.799999999999999933e-01
1.900000000000000022e-01
1.900000000000000022e-01
2.000000000000000111e-01
2.000000000000000111e-01
2.099999999999999922e-01
2.099999999999999922e-01
2.200000000000000011e-01
2.200000000000000011e-01
2.300000000000000100e-01
2.300000000000000100e-01
2.399999999999999911e-01
2.399999999999999911e-01
2.500000000000000000e-01
2.600000000000000089e-01
2.600000000000000089e-01
2.700000000000000178e-01
2.800000000000000266e-01
2.800000000000000266e-01
2.899999999999999800e-01
2.999999999999999889e-01
2.999999999999999889e-01
2.999999999999999889e-01
3.200000000000000067e-01
3.200000000000000067e-01
3.200000000000000067e-01
3.300000000000000155e-01
3.400000000000000244e-01
3.400000000000000244e-01
3.499999999999999778e-01
3.599999999999999867e-01
3.599999999999999867e-01
3.800000000000000044e-01
3.800000000000000044e-01
3.800000000000000044e-01
3.900000000000000133e-01
4.000000000000000222e-01
4.099999999999999756e-01
4.099999999999999756e-01
4.199999999999999845e-01
4.199999999999999845e-01
4.299999999999999933e-01
4.199999999999999845e-01
4.299999999999999933e-01
4.400000000000000022e-01
6.099999999999999867e-02
6.400000000000000133e-02
6.500000000000000222e-02
6.800000000000000488e-02
7.099999999999999367e-02
7.299999999999999545e-02
7.199999999999999456e-02
7.799999999999999989e-02
8.100000000000000255e-02
8.200000000000000344e-02
8.400000000000000522e-02
8.799999999999999489e-02
8.999999999999999667e-02
9.299999999999999933e-02
9.600000000000000200e-02
9.900000000000000466e-02
1.000000000000000056e-01
1.100000000000000006e-01
1.100000000000000006e-01
1.100000000000000006e-01
1.100000000000000006e-01
1.199999999999999956e-01
1.199999999999999956e-01
1.199999999999999956e-01
1.300000000000000044e-01
1.300000000000000044e-01
1.300000000000000044e-01
1.400000000000000133e-01
1.400000000000000133e-01
1.400000000000000133e-01
1.499999999999999944e-01
1.499999999999999944e-01
1.600000000000000033e-01
1.600000000000000033e-01
1.600000000000000033e-01
1.700000000000000122e-01
1.700000000000000122e-01
1.799999999999999933e-01
1.799999999999999933e-01
1.799999999999999933e-01
1.900000000000000022e-01
1.900000000000000022e-01
2.000000000000000111e-01
2.000000000000000111e-01
2.099999999999999922e-01
2.099999999999999922e-01
2.200000000000000011e-01
2.200000000000000011e-01
2.300000000000000100e-01
2.300000000000000100e-01
2.300000000000000100e-01
2.399999999999999911e-01
2.399999999999999911e-01
2.399999999999999911e-01
2.500000000000000000e-01
2.600000000000000089e-01
2.500000000000000000e-01
2.600000000000000089e-01
2.700000000000000178e-01
2.700000000000000178e-01
2.700000000000000178e-01
5.800000000000000294e-02
5.899999999999999689e-02
6.099999999999999867e-02
6.400000000000000133e-02
6.700000000000000400e-02
7.000000000000000666e-02
7.199999999999999456e-02
7.299999999999999545e-02
7.499999999999999722e-02
7.900000000000000078e-02
8.200000000000000344e-02
8.699999999999999400e-02
8.999999999999999667e-02
9.299999999999999933e-02
9.500000000000000111e-02
9.800000000000000377e-02
1.000000000000000056e-01
1.000000000000000056e-01
1.100000000000000006e-01
1.100000000000000006e-01
1.100000000000000006e-01
1.199999999999999956e-01
1.199999999999999956e-01
1.300000000000000044e-01
1.300000000000000044e-01
1.400000000000000133e-01
1.400000000000000133e-01
1.400000000000000133e-01
1.400000000000000133e-01
1.499999999999999944e-01
1.499999999999999944e-01
1.600000000000000033e-01
1.600000000000000033e-01
1.600000000000000033e-01
1.700000000000000122e-01
1.700000000000000122e-01
1.799999999999999933e-01
1.799999999999999933e-01
1.900000000000000022e-01
1.900000000000000022e-01
2.000000000000000111e-01
2.000000000000000111e-01
2.000000000000000111e-01
2.099999999999999922e-01
2.099999999999999922e-01
2.200000000000000011e-01
2.200000000000000011e-01
2.300000000000000100e-01
2.300000000000000100e-01
2.300000000000000100e-01
2.399999999999999911e-01
2.500000000000000000e-01
2.500000000000000000e-01
2.500000000000000000e-01
2.600000000000000089e-01
2.600000000000000089e-01
2.600000000000000089e-01
2.900000000000000147e-02
2.999999999999999889e-02
3.200000000000000067e-02
3.300000000000000155e-02
3.300000000000000155e-02
3.599999999999999728e-02
3.799999999999999906e-02
3.899999999999999994e-02
4.100000000000000172e-02
4.299999999999999656e-02
4.399999999999999745e-02
4.599999999999999922e-02
4.800000000000000100e-02
4.900000000000000189e-02
5.299999999999999850e-02
5.299999999999999850e-02
5.500000000000000028e-02
5.700000000000000205e-02
5.899999999999999689e-02
6.099999999999999867e-02
6.300000000000000044e-02
6.500000000000000222e-02
7.000000000000000666e-02
7.000000000000000666e-02
7.199999999999999456e-02
7.399999999999999634e-02
7.699999999999999900e-02
7.900000000000000078e-02
8.100000000000000255e-02
8.799999999999999489e-02
8.699999999999999400e-02
9.400000000000000022e-02
9.199999999999999845e-02
9.500000000000000111e-02
9.900000000000000466e-02
1.000000000000000056e-01
1.100000000000000006e-01
1.100000000000000006e-01
1.100000000000000006e-01
1.199999999999999956e-01
1.199999999999999956e-01
1.199999999999999956e-01
1.199999999999999956e-01
1.300000000000000044e-01
1.300000000000000044e-01
1.300000000000000044e-01
1.400000000000000133e-01
1.400000000000000133e-01
1.400000000000000133e-01
1.499999999999999944e-01
1.499999999999999944e-01
1.499999999999999944e-01
1.600000000000000033e-01
1.600000000000000033e-01
1.700000000000000122e-01
1.700000000000000122e-01
1.799999999999999933e-01
1.799999999999999933e-01
1.900000000000000022e-01
1.900000000000000022e-01
1.900000000000000022e-01
2.000000000000000042e-03
2.000000000000000042e-03
2.000000000000000042e-03
2.000000000000000042e-03
2.000000000000000042e-03
2.000000000000000042e-03
2.000000000000000042e-03
2.000000000000000042e-03
2.000000000000000042e-03
2.000000000000000042e-03
2.000000000000000042e-03
2.000000000000000042e-03
2.000000000000000042e-03
2.000000000000000042e-03
2.000000000000000042e-03
2.000000000000000042e-03
2.000000000000000042e-03
2.000000000000000042e-03
2.000000000000000042e-03
2.000000000000000042e-03
2.000000000000000042e-03
2.000000000000000042e-03
2.000000000000000042e-03
2.000000000000000042e-03
2.000000000000000042e-03
2.000000000000000042e-03
2.000000000000000042e-03
2.000000000000000042e-03
2.000000000000000042e-03
2.000000000000000042e-03
2.000000000000000042e-03
2.000000000000000042e-03
2.000000000000000042e-03
2.000000000000000042e-03
2.000000000000000042e-03
2.000000000000000042e-03
2.000000000000000042e-03
2.000000000000000042e-03
2.000000000000000042e-03
2.000000000000000042e-03
2.000000000000000042e-03
2.000000000000000042e-03
2.000000000000000042e-03
2.000000000000000042e-03
2.000000000000000042e-03
2.000000000000000042e-03
2.000000000000000042e-03
2.000000000000000042e-03
2.000000000000000042e-03
2.000000000000000042e-03
2.000000000000000042e-03
2.000000000000000042e-03
2.000000000000000042e-03
2.000000000000000042e-03
2.000000000000000042e-03
2.000000000000000042e-03
2.000000000000000042e-03
2.000000000000000042e-03
2.000000000000000042e-03
2.000000000000000042e-03
2.000000000000000042e-03
2.000000000000000042e-03
2.000000000000000042e-03
2.000000000000000042e-03
2.000000000000000042e-03
2.000000000000000042e-03
2.000000000000000042e-03
2.000000000000000042e-03
2.000000000000000042e-03
2.000000000000000042e-03
2.000000000000000042e-03
2.000000000000000042e-03
2.000000000000000042e-03
2.000000000000000042e-03
2.000000000000000042e-03
2.000000000000000042e-03
2.000000000000000042e-03
2.000000000000000042e-03
2.000000000000000042e-03
2.000000000000000042e-03
2.000000000000000042e-03
2.000000000000000042e-03
2.000000000000000042e-03
2.000000000000000042e-03
2.000000000000000042e-03
2.000000000000000042e-03
2.000000000000000042e-03
2.000000000000000042e-03
2.000000000000000042e-03
2.000000000000000042e-03
2.000000000000000042e-03
2.000000000000000042e-03
2.000000000000000042e-03
2.000000000000000042e-03
2.000000000000000042e-03
2.000000000000000042e-03
2.000000000000000042e-03
2.000000000000000042e-03
2.000000000000000042e-03
2.000000000000000042e-03
2.000000000000000042e-03
2.000000000000000042e-03
2.000000000000000042e-03
2.000000000000000042e-03
2.000000000000000042e-03
2.000000000000000042e-03
2.000000000000000042e-03
2.000000000000000042e-03
2.000000000000000042e-03
2.000000000000000042e-03
2.000000000000000042e-03
2.000000000000000042e-03
2.000000000000000042e-03
2.000000000000000042e-03
2.000000000000000042e-03
2.000000000000000042e-03
2.000000000000000042e-03
2.000000000000000042e-03
2.000000000000000042e-03
2.000000000000000042e-03
2.000000000000000042e-03
2.000000000000000042e-03
2.000000000000000042e-03
2.000000000000000042e-03
2.000000000000000042e-03
2.000000000000000042e-03
2.000000000000000042e-03
2.000000000000000042e-03
2.000000000000000042e-03
2.000000000000000042e-03
2.000000000000000042e-03
2.000000000000000042e-03
2.000000000000000042e-03
2.000000000000000042e-03
2.000000000000000042e-03
2.000000000000000042e-03
2.000000000000000042e-03
2.000000000000000042e-03
2.000000000000000042e-03
2.000000000000000042e-03
2.000000000000000042e-03
2.000000000000000042e-03
2.000000000000000042e-03
2.000000000000000042e-03
2.000000000000000042e-03
2.000000000000000042e-03
2.000000000000000042e-03
2.000000000000000042e-03
2.000000000000000042e-03
2.000000000000000042e-03
2.000000000000000042e-03
2.000000000000000042e-03
2.000000000000000042e-03
2.000000000000000042e-03
2.000000000000000042e-03
2.000000000000000042e-03
2.000000000000000042e-03
2.000000000000000042e-03
2.000000000000000042e-03
2.000000000000000042e-03
2.000000000000000042e-03
2.000000000000000042e-03
2.000000000000000042e-03
2.000000000000000042e-03
2.000000000000000042e-03
2.000000000000000042e-03
2.000000000000000042e-03
2.000000000000000042e-03
2.000000000000000042e-03
2.000000000000000042e-03
2.000000000000000042e-03
2.000000000000000042e-03
2.000000000000000042e-03
2.000000000000000042e-03
2.000000000000000042e-03
2.000000000000000042e-03
2.000000000000000042e-03
2.000000000000000042e-03
2.000000000000000042e-03
2.000000000000000042e-03
2.000000000000000042e-03
2.000000000000000042e-03
2.000000000000000042e-03
2.000000000000000042e-03
2.000000000000000042e-03
2.000000000000000042e-03
2.000000000000000042e-03
2.000000000000000042e-03
2.000000000000000042e-03
2.000000000000000042e-03
2.000000000000000042e-03
2.000000000000000042e-03
2.000000000000000042e-03
2.000000000000000042e-03
2.000000000000000042e-03
2.000000000000000042e-03
2.000000000000000042e-03
2.000000000000000042e-03
2.000000000000000042e-03
2.000000000000000042e-03
2.000000000000000042e-03
2.000000000000000042e-03
2.000000000000000042e-03
2.000000000000000042e-03
2.000000000000000042e-03
2.000000000000000042e-03
2.000000000000000042e-03
2.000000000000000042e-03
2.000000000000000042e-03
2.000000000000000042e-03
2.000000000000000042e-03
2.000000000000000042e-03
2.000000000000000042e-03
2.000000000000000042e-03
2.000000000000000042e-03
2.000000000000000042e-03
2.000000000000000042e-03
2.000000000000000042e-03
2.000000000000000042e-03
2.000000000000000042e-03
2.000000000000000042e-03
2.000000000000000042e-03
2.000000000000000042e-03
2.000000000000000042e-03
2.000000000000000042e-03
2.000000000000000042e-03
2.000000000000000042e-03
2.000000000000000042e-03
2.000000000000000042e-03
2.000000000000000042e-03
2.000000000000000042e-03
2.000000000000000042e-03
2.000000000000000042e-03
2.000000000000000042e-03
2.000000000000000042e-03
2.000000000000000042e-03
2.000000000000000042e-03
2.000000000000000042e-03
2.000000000000000042e-03
2.000000000000000042e-03
2.000000000000000042e-03
2.000000000000000042e-03
2.000000000000000042e-03
2.000000000000000042e-03
2.000000000000000042e-03
2.000000000000000042e-03
2.000000000000000042e-03
2.000000000000000042e-03
2.000000000000000042e-03
2.000000000000000042e-03
2.000000000000000042e-03
2.000000000000000042e-03
2.000000000000000042e-03
2.000000000000000042e-03
2.000000000000000042e-03
2.000000000000000042e-03
2.000000000000000042e-03
2.000000000000000042e-03
2.000000000000000042e-03
2.000000000000000042e-03
2.000000000000000042e-03
2.000000000000000042e-03
2.000000000000000042e-03
2.000000000000000042e-03
2.000000000000000042e-03
2.000000000000000042e-03
2.000000000000000042e-03
2.000000000000000042e-03
2.000000000000000042e-03
2.000000000000000042e-03
2.000000000000000042e-03
2.000000000000000042e-03
2.000000000000000042e-03
1.799999999999999864e-02
1.899999999999999953e-02
2.000000000000000042e-02
2.100000000000000130e-02
2.100000000000000130e-02
2.199999999999999872e-02
2.299999999999999961e-02
2.400000000000000050e-02
2.599999999999999881e-02
2.699999999999999969e-02
2.800000000000000058e-02
2.999999999999999889e-02
3.200000000000000067e-02
3.400000000000000244e-02
3.699999999999999817e-02
3.899999999999999994e-02
4.100000000000000172e-02
4.200000000000000261e-02
4.299999999999999656e-02
4.499999999999999833e-02
4.700000000000000011e-02
4.900000000000000189e-02
5.099999999999999672e-02
5.299999999999999850e-02
5.500000000000000028e-02
5.700000000000000205e-02
5.999999999999999778e-02
6.199999999999999956e-02
6.500000000000000222e-02
6.800000000000000488e-02
7.099999999999999367e-02
7.499999999999999722e-02
8.000000000000000167e-02
8.500000000000000611e-02
9.099999999999999756e-02
9.800000000000000377e-02
2.000000000000000042e-02
2.000000000000000042e-02
2.100000000000000130e-02
2.199999999999999872e-02
2.199999999999999872e-02
2.299999999999999961e-02
2.500000000000000139e-02
2.500000000000000139e-02
2.699999999999999969e-02
2.800000000000000058e-02
2.900000000000000147e-02
2.999999999999999889e-02
3.200000000000000067e-02
3.300000000000000155e-02
3.500000000000000333e-02
3.500000000000000333e-02
3.599999999999999728e-02
3.699999999999999817e-02
3.799999999999999906e-02
3.899999999999999994e-02
4.000000000000000083e-02
4.100000000000000172e-02
4.200000000000000261e-02
4.299999999999999656e-02
4.499999999999999833e-02
4.599999999999999922e-02
4.800000000000000100e-02
4.900000000000000189e-02
5.099999999999999672e-02
5.299999999999999850e-02
5.500000000000000028e-02
5.700000000000000205e-02
5.899999999999999689e-02
6.099999999999999867e-02
6.300000000000000044e-02
6.500000000000000222e-02
6.800000000000000488e-02
7.000000000000000666e-02
7.399999999999999634e-02
7.699999999999999900e-02
8.100000000000000255e-02
8.500000000000000611e-02
8.999999999999999667e-02
9.500000000000000111e-02
1.000000000000000056e-01
1.100000000000000006e-01
2.199999999999999872e-02
2.299999999999999961e-02
2.400000000000000050e-02
2.400000000000000050e-02
2.599999999999999881e-02
2.599999999999999881e-02
2.800000000000000058e-02
2.900000000000000147e-02
2.999999999999999889e-02
3.200000000000000067e-02
3.300000000000000155e-02
3.500000000000000333e-02
3.699999999999999817e-02
4.000000000000000083e-02
4.299999999999999656e-02
4.499999999999999833e-02
4.700000000000000011e-02
4.800000000000000100e-02
5.000000000000000278e-02
5.199999999999999761e-02
5.399999999999999939e-02
5.600000000000000117e-02
5.800000000000000294e-02
5.999999999999999778e-02
6.300000000000000044e-02
6.600000000000000311e-02
6.800000000000000488e-02
7.099999999999999367e-02
7.399999999999999634e-02
7.699999999999999900e-02
8.100000000000000255e-02
8.500000000000000611e-02
8.999999999999999667e-02
9.600000000000000200e-02
1.000000000000000056e-01
1.100000000000000006e-01
1.099999999999999936e-02
1.200000000000000025e-02
1.200000000000000025e-02
1.299999999999999940e-02
1.299999999999999940e-02
1.299999999999999940e-02
1.299999999999999940e-02
1.400000000000000029e-02
1.400000000000000029e-02
1.400000000000000029e-02
1.299999999999999940e-02
1.600000000000000033e-02
1.600000000000000033e-02
1.700000000000000122e-02
1.700000000000000122e-02
1.700000000000000122e-02
1.799999999999999864e-02
1.799999999999999864e-02
1.799999999999999864e-02
1.799999999999999864e-02
1.499999999999999944e-02
1.499999999999999944e-02
1.600000000000000033e-02
1.700000000000000122e-02
1.700000000000000122e-02
1.700000000000000122e-02
1.799999999999999864e-02
1.799999999999999864e-02
1.899999999999999953e-02
1.899999999999999953e-02
1.899999999999999953e-02
1.700000000000000122e-02
1.799999999999999864e-02
1.799999999999999864e-02
1.799999999999999864e-02
1.799999999999999864e-02
1.899999999999999953e-02
1.899999999999999953e-02
1.899999999999999953e-02
1.899999999999999953e-02
2.000000000000000042e-02
2.000000000000000042e-02
2.000000000000000042e-02
2.000000000000000042e-02
5.000000000000000104e-03
7.000000000000000146e-03
8.000000000000000167e-03
8.000000000000000167e-03
1.000000000000000021e-02
1.200000000000000025e-02
1.200000000000000025e-02
1.499999999999999944e-02
1.499999999999999944e-02
1.600000000000000033e-02
1.600000000000000033e-02
1.600000000000000033e-02
1.600000000000000033e-02
1.600000000000000033e-02
1.700000000000000122e-02
8.999999999999999320e-03
8.999999999999999320e-03
1.000000000000000021e-02
8.999999999999999320e-03
1.000000000000000021e-02
1.000000000000000021e-02
1.000000000000000021e-02
1.000000000000000021e-02
1.000000000000000021e-02
1.000000000000000021e-02
1.000000000000000021e-02
1.000000000000000021e-02
1.000000000000000021e-02
5.000000000000000104e-03
6.000000000000000125e-03
6.000000000000000125e-03
7.000000000000000146e-03
7.000000000000000146e-03
8.000000000000000167e-03
8.000000000000000167e-03
8.000000000000000167e-03
8.000000000000000167e-03
3.000000000000000062e-03
4.000000000000000083e-03
4.000000000000000083e-03
4.000000000000000083e-03
4.000000000000000083e-03
4.000000000000000083e-03
4.000000000000000083e-03
5.000000000000000104e-03
5.000000000000000104e-03
3.000000000000000062e-03
3.000000000000000062e-03
3.000000000000000062e-03
3.000000000000000062e-03
3.000000000000000062e-03
4.000000000000000083e-03
4.000000000000000083e-03
3.000000000000000062e-03
3.000000000000000062e-03
3.000000000000000062e-03
3.000000000000000062e-03
3.000000000000000062e-03
3.000000000000000062e-03
3.000000000000000062e-03
3.000000000000000062e-03
3.000000000000000062e-03
3.000000000000000062e-03
3.000000000000000062e-03
3.000000000000000062e-03
3.000000000000000062e-03
3.000000000000000062e-03
3.000000000000000062e-03
3.000000000000000062e-03
3.000000000000000062e-03
2.000000000000000042e-03
2.000000000000000042e-03
2.000000000000000042e-03
2.000000000000000042e-03
2.000000000000000042e-03
2.000000000000000042e-03
2.000000000000000042e-03
2.000000000000000042e-03
2.000000000000000042e-03
2.000000000000000042e-03
2.000000000000000042e-03
2.000000000000000042e-03
2.000000000000000042e-03
2.000000000000000042e-03
2.000000000000000042e-03
2.000000000000000042e-03
2.000000000000000042e-03
2.000000000000000042e-03
2.000000000000000042e-03
2.000000000000000042e-03
2.000000000000000042e-03
2.000000000000000042e-03
2.000000000000000042e-03
2.000000000000000042e-03
2.000000000000000042e-03
2.000000000000000042e-03
2.000000000000000042e-03
2.000000000000000042e-03
2.000000000000000042e-03
2.000000000000000042e-03
2.000000000000000042e-03
2.000000000000000042e-03
2.000000000000000042e-03
2.000000000000000042e-03
2.000000000000000042e-03
2.000000000000000042e-03
2.000000000000000042e-03
2.000000000000000042e-03
2.000000000000000042e-03
2.000000000000000042e-03
2.000000000000000042e-03
2.000000000000000042e-03
2.000000000000000042e-03
2.000000000000000042e-03
2.000000000000000042e-03
2.000000000000000042e-03
2.000000000000000042e-03
2.000000000000000042e-03
2.000000000000000042e-03
2.000000000000000042e-03
2.000000000000000042e-03
2.000000000000000042e-03
2.000000000000000042e-03
2.000000000000000042e-03
2.000000000000000042e-03
2.000000000000000042e-03
2.000000000000000042e-03
2.000000000000000042e-03
2.000000000000000042e-03
2.000000000000000042e-03
2.000000000000000042e-03
2.000000000000000042e-03
2.000000000000000042e-03
2.000000000000000042e-03
2.000000000000000042e-03
2.000000000000000042e-03
2.000000000000000042e-03
2.000000000000000042e-03
2.000000000000000042e-03
2.000000000000000042e-03
2.000000000000000042e-03
2.000000000000000042e-03
2.000000000000000042e-03
2.000000000000000042e-03
2.000000000000000042e-03
2.000000000000000042e-03
2.000000000000000042e-03
2.000000000000000042e-03
2.000000000000000042e-03
2.000000000000000042e-03
2.000000000000000042e-03
2.000000000000000042e-03
2.000000000000000042e-03
2.000000000000000042e-03
2.000000000000000042e-03
2.000000000000000042e-03
2.000000000000000042e-03
2.000000000000000042e-03
2.000000000000000042e-03
2.000000000000000042e-03
2.000000000000000042e-03
2.000000000000000042e-03
2.000000000000000042e-03
2.000000000000000042e-03
2.000000000000000042e-03
2.000000000000000042e-03
2.000000000000000042e-03
2.000000000000000042e-03
2.000000000000000042e-03
2.000000000000000042e-03
2.000000000000000042e-03
2.000000000000000042e-03
2.000000000000000042e-03
2.000000000000000042e-03
2.000000000000000042e-03
2.000000000000000042e-03
2.000000000000000042e-03
2.000000000000000042e-03
2.000000000000000042e-03
2.000000000000000042e-03
2.000000000000000042e-03
2.000000000000000042e-03
2.000000000000000042e-03
2.000000000000000042e-03
2.000000000000000042e-03
2.000000000000000042e-03
2.000000000000000042e-03
2.000000000000000042e-03
2.000000000000000042e-03
2.000000000000000042e-03
2.000000000000000042e-03
2.000000000000000042e-03
2.000000000000000042e-03
2.000000000000000042e-03
2.000000000000000042e-03
2.000000000000000042e-03
2.000000000000000042e-03
2.000000000000000042e-03
2.000000000000000042e-03
2.000000000000000042e-03
2.000000000000000042e-03
2.000000000000000042e-03
2.000000000000000042e-03
2.000000000000000042e-03
2.000000000000000042e-03
2.000000000000000042e-03
2.000000000000000042e-03
2.000000000000000042e-03
2.000000000000000042e-03
2.000000000000000042e-03
2.000000000000000042e-03
2.000000000000000042e-03
2.000000000000000042e-03
2.000000000000000042e-03
2.000000000000000042e-03
2.000000000000000042e-03
2.000000000000000042e-03
2.000000000000000042e-03
2.000000000000000042e-03
2.000000000000000042e-03
2.000000000000000042e-03
2.000000000000000042e-03
2.000000000000000042e-03
2.000000000000000042e-03
2.000000000000000042e-03
2.000000000000000042e-03
2.000000000000000042e-03
2.000000000000000042e-03
2.000000000000000042e-03
2.000000000000000042e-03
2.000000000000000042e-03
2.000000000000000042e-03
2.000000000000000042e-03
2.000000000000000042e-03
2.000000000000000042e-03
2.000000000000000042e-03
2.000000000000000042e-03
2.000000000000000042e-03
2.000000000000000042e-03
2.000000000000000042e-03
2.000000000000000042e-03
2.000000000000000042e-03
2.000000000000000042e-03
2.000000000000000042e-03
2.000000000000000042e-03
2.000000000000000042e-03
2.000000000000000042e-03
2.000000000000000042e-03
2.000000000000000042e-03
2.000000000000000042e-03
2.000000000000000042e-03
2.000000000000000042e-03
2.000000000000000042e-03
2.000000000000000042e-03
2.000000000000000042e-03
2.000000000000000042e-03
2.000000000000000042e-03
2.000000000000000042e-03
2.000000000000000042e-03
2.000000000000000042e-03
2.000000000000000042e-03
2.000000000000000042e-03
2.000000000000000042e-03
2.000000000000000042e-03
2.000000000000000042e-03
2.000000000000000042e-03
2.000000000000000042e-03
2.000000000000000042e-03
2.000000000000000042e-03
2.000000000000000042e-03
2.000000000000000042e-03
2.000000000000000042e-03
2.000000000000000042e-03
2.000000000000000042e-03
2.000000000000000042e-03
2.000000000000000042e-03
2.000000000000000042e-03
2.000000000000000042e-03
2.000000000000000042e-03
2.000000000000000042e-03
2.000000000000000042e-03
2.000000000000000042e-03
2.000000000000000042e-03
2.000000000000000042e-03
2.000000000000000042e-03
2.000000000000000042e-03
2.000000000000000042e-03
2.000000000000000042e-03
2.000000000000000042e-03
2.000000000000000042e-03
2.000000000000000042e-03
2.000000000000000042e-03
2.000000000000000042e-03
2.000000000000000042e-03
2.000000000000000042e-03
2.000000000000000042e-03
2.000000000000000042e-03
2.000000000000000042e-03
2.000000000000000042e-03
2.000000000000000042e-03
2.000000000000000042e-03
2.000000000000000042e-03
2.000000000000000042e-03
2.000000000000000042e-03
2.000000000000000042e-03
2.000000000000000042e-03
2.000000000000000042e-03
2.000000000000000042e-03
2.000000000000000042e-03
2.000000000000000042e-03
2.000000000000000042e-03
2.000000000000000042e-03
2.000000000000000042e-03
2.000000000000000042e-03
2.000000000000000042e-03
2.000000000000000042e-03
2.000000000000000042e-03
2.000000000000000042e-03
2.000000000000000042e-03
2.000000000000000042e-03
2.000000000000000042e-03
2.000000000000000042e-03
2.000000000000000042e-03
2.000000000000000042e-03
2.000000000000000042e-03
2.000000000000000042e-03
2.000000000000000042e-03
2.000000000000000042e-03
2.000000000000000042e-03
2.000000000000000042e-03
2.000000000000000042e-03
2.000000000000000042e-03
2.000000000000000042e-03
2.000000000000000042e-03
2.000000000000000042e-03
2.000000000000000042e-03
2.000000000000000042e-03
2.000000000000000042e-03
2.000000000000000042e-03
2.000000000000000042e-03
2.000000000000000042e-03
2.000000000000000042e-03
2.000000000000000042e-03
1.000000000000000021e-03
1.299999999999999940e-02
3.099999999999999978e-02
4.000000000000000083e-02
4.200000000000000261e-02
4.000000000000000083e-02
3.400000000000000244e-02
2.400000000000000050e-02
1.899999999999999953e-02
1.600000000000000033e-02
1.400000000000000029e-02
1.200000000000000025e-02
1.000000000000000021e-02
1.000000000000000021e-02
1.000000000000000021e-03
1.400000000000000029e-02
3.400000000000000244e-02
4.399999999999999745e-02
4.599999999999999922e-02
4.499999999999999833e-02
3.899999999999999994e-02
2.800000000000000058e-02
2.199999999999999872e-02
1.899999999999999953e-02
1.600000000000000033e-02
1.400000000000000029e-02
1.299999999999999940e-02
1.200000000000000025e-02
1.000000000000000021e-03
1.499999999999999944e-02
3.699999999999999817e-02
4.800000000000000100e-02
5.099999999999999672e-02
5.000000000000000278e-02
4.299999999999999656e-02
3.200000000000000067e-02
2.599999999999999881e-02
2.199999999999999872e-02
1.899999999999999953e-02
1.700000000000000122e-02
1.499999999999999944e-02
1.400000000000000029e-02
1.000000000000000021e-03
1.499999999999999944e-02
4.000000000000000083e-02
5.199999999999999761e-02
5.500000000000000028e-02
5.399999999999999939e-02
4.900000000000000189e-02
3.799999999999999906e-02
2.900000000000000147e-02
2.500000000000000139e-02
2.199999999999999872e-02
1.899999999999999953e-02
1.799999999999999864e-02
1.700000000000000122e-02
1.000000000000000021e-03
1.600000000000000033e-02
4.299999999999999656e-02
5.700000000000000205e-02
5.999999999999999778e-02
5.899999999999999689e-02
5.399999999999999939e-02
4.299999999999999656e-02
3.599999999999999728e-02
2.999999999999999889e-02
2.599999999999999881e-02
2.299999999999999961e-02
2.000000000000000042e-02
1.899999999999999953e-02
1.000000000000000021e-03
1.799999999999999864e-02
4.499999999999999833e-02
6.099999999999999867e-02
6.500000000000000222e-02
6.500000000000000222e-02
5.999999999999999778e-02
4.900000000000000189e-02
4.200000000000000261e-02
3.599999999999999728e-02
2.900000000000000147e-02
2.599999999999999881e-02
2.299999999999999961e-02
2.199999999999999872e-02
1.000000000000000021e-03
1.899999999999999953e-02
4.900000000000000189e-02
6.500000000000000222e-02
7.000000000000000666e-02
7.099999999999999367e-02
6.600000000000000311e-02
5.700000000000000205e-02
5.099999999999999672e-02
4.399999999999999745e-02
3.699999999999999817e-02
3.099999999999999978e-02
2.699999999999999969e-02
2.500000000000000139e-02
1.000000000000000048e-04
1.000000000000000048e-04
1.000000000000000048e-04
1.000000000000000021e-03
1.000000000000000048e-04
1.000000000000000021e-03
1.000000000000000048e-04
1.000000000000000048e-04
1.000000000000000021e-03
1.000000000000000021e-03
1.000000000000000021e-03
1.000000000000000048e-04
1.000000000000000048e-04
1.000000000000000048e-04
1.000000000000000048e-04
1.000000000000000048e-04
1.000000000000000082e-05
1.000000000000000048e-04
1.000000000000000048e-04
1.000000000000000048e-04
1.000000000000000021e-03
1.000000000000000021e-03
1.000000000000000021e-03
1.000000000000000021e-03
1.000000000000000021e-03
1.000000000000000021e-03
1.000000000000000021e-03
1.000000000000000021e-03
1.000000000000000021e-03
1.000000000000000021e-03
1.000000000000000021e-03
1.000000000000000048e-04
1.000000000000000048e-04
1.000000000000000082e-05
1.000000000000000048e-04
1.000000000000000021e-03
1.000000000000000021e-03
1.000000000000000021e-03
1.000000000000000021e-03
1.000000000000000021e-03
1.000000000000000021e-03
1.000000000000000021e-03
1.000000000000000021e-03
1.000000000000000021e-03
1.000000000000000021e-03
1.000000000000000021e-03
1.000000000000000021e-03
1.000000000000000021e-03
1.000000000000000021e-03
1.000000000000000048e-04
1.000000000000000082e-05
1.000000000000000021e-03
1.000000000000000021e-03
1.000000000000000021e-03
1.000000000000000021e-03
1.000000000000000021e-03
1.000000000000000021e-03
1.000000000000000021e-03
1.000000000000000021e-03
1.000000000000000021e-03
1.000000000000000021e-03
1.000000000000000021e-03
1.000000000000000021e-03
1.000000000000000021e-03
1.000000000000000021e-03
1.000000000000000021e-03
1.000000000000000048e-04
1.000000000000000082e-05
1.000000000000000021e-03
1.000000000000000021e-03
1.000000000000000021e-03
1.000000000000000021e-03
1.000000000000000021e-03
1.000000000000000021e-03
1.000000000000000021e-03
1.000000000000000021e-03
1.000000000000000021e-03
1.000000000000000021e-03
1.000000000000000021e-03
1.000000000000000021e-03
1.000000000000000021e-03
1.000000000000000021e-03
1.000000000000000021e-03
1.000000000000000021e-03
1.000000000000000082e-05
1.000000000000000021e-03
1.000000000000000021e-03
1.000000000000000021e-03
1.000000000000000021e-03
1.000000000000000021e-03
1.000000000000000021e-03
1.000000000000000021e-03
1.000000000000000021e-03
1.000000000000000021e-03
1.000000000000000021e-03
1.000000000000000021e-03
1.000000000000000021e-03
1.000000000000000021e-03
1.000000000000000021e-03
1.000000000000000021e-03
1.000000000000000021e-03
1.000000000000000082e-05
1.000000000000000021e-03
1.000000000000000021e-03
1.000000000000000021e-03
1.000000000000000021e-03
1.000000000000000021e-03
1.000000000000000021e-03
1.000000000000000021e-03
1.000000000000000021e-03
1.000000000000000021e-03
1.000000000000000021e-03
1.000000000000000021e-03
1.000000000000000021e-03
1.000000000000000021e-03
1.000000000000000021e-03
1.000000000000000021e-03
1.000000000000000021e-03
1.000000000000000082e-05
1.000000000000000021e-03
1.000000000000000021e-03
1.000000000000000021e-03
1.000000000000000021e-03
1.000000000000000021e-03
1.000000000000000021e-03
1.000000000000000021e-03
1.000000000000000021e-03
1.000000000000000021e-03
1.000000000000000021e-03
1.000000000000000021e-03
1.000000000000000021e-03
1.000000000000000021e-03
1.000000000000000021e-03
1.000000000000000021e-03
1.000000000000000021e-03
1.000000000000000082e-05
1.000000000000000048e-04
1.000000000000000048e-04
1.000000000000000048e-04
1.000000000000000048e-04
1.000000000000000048e-04
1.000000000000000048e-04
1.000000000000000048e-04
1.000000000000000021e-03
1.000000000000000021e-03
1.000000000000000048e-04
1.000000000000000048e-04
1.000000000000000048e-04
1.000000000000000048e-04
1.000000000000000021e-03
1.000000000000000021e-03
1.000000000000000021e-03
1.000000000000000021e-03
1.000000000000000021e-03
1.000000000000000021e-03
1.000000000000000021e-03
1.000000000000000021e-03
1.000000000000000021e-03
1.000000000000000021e-02
1.000000000000000048e-04
1.000000000000000048e-04
1.000000000000000021e-03
1.000000000000000021e-03
1.000000000000000021e-03
1.000000000000000021e-03
1.000000000000000021e-03
1.000000000000000021e-03
1.000000000000000021e-03
1.000000000000000021e-03
1.000000000000000021e-03
1.000000000000000048e-04
1.000000000000000048e-04
1.000000000000000021e-03
1.000000000000000021e-03
1.000000000000000021e-03
1.000000000000000021e-03
1.000000000000000021e-03
1.000000000000000021e-03
1.000000000000000021e-03
1.000000000000000021e-03
1.000000000000000021e-03
1.000000000000000021e-03
1.000000000000000021e-03
1.000000000000000048e-04
1.000000000000000021e-03
1.000000000000000021e-03
1.000000000000000021e-03
1.000000000000000021e-03
1.000000000000000021e-03
1.000000000000000021e-03
1.000000000000000021e-03
1.000000000000000021e-03
1.000000000000000021e-03
1.000000000000000021e-03
1.000000000000000021e-03
1.000000000000000048e-04
1.000000000000000021e-03
1.000000000000000021e-03
1.000000000000000021e-03
1.000000000000000021e-03
1.000000000000000021e-03
1.000000000000000021e-03
1.000000000000000021e-03
1.000000000000000021e-03
1.000000000000000021e-03
1.000000000000000021e-03
1.000000000000000021e-03
1.000000000000000048e-04
1.000000000000000021e-03
1.000000000000000021e-03
1.000000000000000021e-03
1.000000000000000021e-03
1.000000000000000021e-03
1.000000000000000021e-03
1.000000000000000021e-03
1.000000000000000021e-03
1.000000000000000021e-03
1.000000000000000021e-03
1.000000000000000021e-03
1.000000000000000048e-04
1.000000000000000021e-03
1.000000000000000021e-03
1.000000000000000021e-03
1.000000000000000021e-03
1.000000000000000021e-03
1.000000000000000021e-03
1.000000000000000021e-03
1.000000000000000021e-03
1.000000000000000021e-03
1.000000000000000021e-03
1.000000000000000021e-03
1.000000000000000048e-04
3.099999999999999978e-02
1.099999999999999936e-02
2.500000000000000139e-02
5.399999999999999939e-02
3.799999999999999906e-02
2.999999999999999889e-02
1.700000000000000122e-02
4.700000000000000011e-02
7.299999999999999545e-02
6.400000000000000307e-03
1.899999999999999953e-02
3.599999999999999728e-02
5.600000000000000117e-02
8.799999999999999489e-02
8.999999999999999320e-03
2.199999999999999872e-02
4.000000000000000083e-02
6.500000000000000222e-02
9.500000000000000111e-02
1.700000000000000122e-02
2.599999999999999881e-02
4.499999999999999833e-02
7.399999999999999634e-02
1.199999999999999956e-01
2.800000000000000058e-02
2.300000000000000100e-01
2.900000000000000147e-02
4.800000000000000100e-02
8.300000000000000433e-02
1.400000000000000133e-01
5.199999999999999761e-02
3.200000000000000067e-02
5.600000000000000117e-02
9.299999999999999933e-02
1.499999999999999944e-01
1.199999999999999956e-01
2.999999999999999889e-01
3.599999999999999728e-02
5.999999999999999778e-02
1.000000000000000056e-01
1.700000000000000122e-01
2.000000000000000111e-01
3.400000000000000244e-01
4.000000000000000083e-02
6.700000000000000400e-02
1.199999999999999956e-01
1.900000000000000022e-01
2.200000000000000011e-01
4.000000000000000222e-01
4.399999999999999745e-02
7.399999999999999634e-02
1.300000000000000044e-01
2.099999999999999922e-01
2.500000000000000000e-01
4.800000000000000100e-02
8.200000000000000344e-02
1.400000000000000133e-01
2.300000000000000100e-01
2.800000000000000266e-01
4.799999999999999822e-01
5.199999999999999761e-02
8.999999999999999667e-02
1.499999999999999944e-01
2.500000000000000000e-01
2.999999999999999889e-01
5.600000000000000117e-02
9.800000000000000377e-02
1.700000000000000122e-01
2.700000000000000178e-01
3.300000000000000155e-01
5.699999999999999512e-01
6.099999999999999867e-02
1.100000000000000006e-01
1.799999999999999933e-01
2.999999999999999889e-01
3.699999999999999956e-01
6.500000000000000222e-02
1.199999999999999956e-01
1.900000000000000022e-01
3.200000000000000067e-01
4.000000000000000222e-01
6.800000000000000488e-01
7.000000000000000666e-02
1.199999999999999956e-01
2.000000000000000111e-01
3.499999999999999778e-01
4.299999999999999933e-01
7.499999999999999722e-02
1.300000000000000044e-01
2.200000000000000011e-01
3.699999999999999956e-01
4.600000000000000200e-01
7.399999999999999911e-01
7.900000000000000078e-02
1.400000000000000133e-01
2.300000000000000100e-01
3.900000000000000133e-01
5.000000000000000000e-01
8.400000000000000522e-02
1.499999999999999944e-01
2.500000000000000000e-01
4.199999999999999845e-01
5.300000000000000266e-01
8.399999999999999689e-01
8.899999999999999578e-02
1.600000000000000033e-01
2.600000000000000089e-01
4.400000000000000022e-01
5.699999999999999512e-01
2.700000000000000178e-01
4.699999999999999734e-01
6.099999999999999867e-01
3.999999999999999819e-07
2.999999999999999864e-07
2.999999999999999864e-07
2.999999999999999864e-07
2.999999999999999864e-07
2.999999999999999864e-07
1.999999999999999909e-07
1.999999999999999909e-07
1.999999999999999909e-07
1.999999999999999909e-07
1.999999999999999909e-07
1.999999999999999909e-07
3.999999999999999819e-07
3.999999999999999819e-07
2.999999999999999864e-07
2.999999999999999864e-07
2.999999999999999864e-07
2.999999999999999864e-07
2.999999999999999864e-07
1.999999999999999909e-07
1.999999999999999909e-07
1.999999999999999909e-07
1.999999999999999909e-07
1.999999999999999909e-07
3.999999999999999819e-07
3.999999999999999819e-07
2.999999999999999864e-07
2.999999999999999864e-07
2.999999999999999864e-07
2.999999999999999864e-07
2.999999999999999864e-07
2.999999999999999864e-07
1.999999999999999909e-07
1.999999999999999909e-07
1.999999999999999909e-07
1.999999999999999909e-07
3.999999999999999819e-07
3.999999999999999819e-07
2.999999999999999864e-07
2.999999999999999864e-07
2.999999999999999864e-07
2.999999999999999864e-07
2.999999999999999864e-07
2.999999999999999864e-07
2.999999999999999864e-07
2.999999999999999864e-07
1.999999999999999909e-07
1.999999999999999909e-07
4.999999999999999774e-07
3.999999999999999819e-07
2.999999999999999864e-07
2.999999999999999864e-07
2.999999999999999864e-07
2.999999999999999864e-07
2.999999999999999864e-07
2.999999999999999864e-07
2.999999999999999864e-07
2.999999999999999864e-07
2.999999999999999864e-07
2.999999999999999864e-07
4.999999999999999774e-07
3.999999999999999819e-07
2.999999999999999864e-07
2.999999999999999864e-07
2.999999999999999864e-07
2.999999999999999864e-07
2.999999999999999864e-07
2.999999999999999864e-07
2.999999999999999864e-07
2.999999999999999864e-07
2.999999999999999864e-07
2.999999999999999864e-07
4.999999999999999774e-07
3.999999999999999819e-07
3.999999999999999819e-07
2.999999999999999864e-07
2.999999999999999864e-07
2.999999999999999864e-07
2.999999999999999864e-07
2.999999999999999864e-07
2.999999999999999864e-07
2.999999999999999864e-07
2.999999999999999864e-07
2.999999999999999864e-07
4.999999999999999774e-07
3.999999999999999819e-07
3.999999999999999819e-07
2.999999999999999864e-07
2.999999999999999864e-07
2.999999999999999864e-07
2.999999999999999864e-07
2.999999999999999864e-07
2.999999999999999864e-07
2.999999999999999864e-07
2.999999999999999864e-07
2.999999999999999864e-07
1.000000000000000082e-05
1.000000000000000082e-05
1.000000000000000082e-05
1.000000000000000082e-05
1.000000000000000082e-05
1.000000000000000082e-05
1.000000000000000082e-05
1.000000000000000082e-05
1.000000000000000082e-05
1.000000000000000082e-05
1.000000000000000082e-05
1.000000000000000082e-05
1.000000000000000082e-05
1.000000000000000082e-05
1.000000000000000082e-05
1.000000000000000082e-05
1.000000000000000082e-05
1.000000000000000082e-05
1.000000000000000082e-05
1.000000000000000082e-05
1.000000000000000082e-05
1.000000000000000082e-05
1.000000000000000082e-05
1.000000000000000082e-05
1.000000000000000082e-05
1.000000000000000082e-05
1.000000000000000082e-05
1.000000000000000082e-05
1.000000000000000082e-05
1.000000000000000082e-05
1.000000000000000082e-05
1.000000000000000082e-05
1.000000000000000082e-05
1.000000000000000082e-05
1.000000000000000082e-05
1.000000000000000082e-05
1.000000000000000082e-05
1.000000000000000082e-05
1.000000000000000082e-05
1.000000000000000082e-05
1.000000000000000082e-05
1.000000000000000082e-05
1.000000000000000082e-05
1.000000000000000082e-05
1.000000000000000082e-05
1.000000000000000082e-05
1.000000000000000082e-05
1.000000000000000082e-05
1.000000000000000082e-05
1.000000000000000082e-05
1.000000000000000082e-05
1.000000000000000082e-05
1.000000000000000082e-05
1.000000000000000082e-05
1.000000000000000082e-05
1.000000000000000082e-05
1.000000000000000082e-05
1.000000000000000082e-05
1.000000000000000082e-05
1.000000000000000082e-05
1.000000000000000082e-05
1.000000000000000082e-05
1.000000000000000082e-05
1.000000000000000082e-05
1.000000000000000082e-05
1.000000000000000082e-05
1.000000000000000082e-05
1.000000000000000082e-05
1.000000000000000082e-05
1.000000000000000082e-05
1.000000000000000082e-05
1.000000000000000082e-05
1.000000000000000082e-05
1.000000000000000082e-05
1.000000000000000082e-05
1.000000000000000082e-05
1.000000000000000082e-05
1.000000000000000082e-05
1.000000000000000082e-05
1.000000000000000082e-05
1.000000000000000082e-05
1.000000000000000082e-05
1.000000000000000082e-05
1.000000000000000082e-05
1.000000000000000082e-05
1.000000000000000082e-05
1.000000000000000082e-05
1.000000000000000082e-05
1.000000000000000082e-05
1.000000000000000082e-05
1.000000000000000082e-05
1.000000000000000082e-05
1.000000000000000082e-05
1.000000000000000082e-05
1.000000000000000082e-05
1.000000000000000082e-05
1.000000000000000082e-05
1.000000000000000082e-05
1.000000000000000082e-05
1.000000000000000082e-05
1.000000000000000082e-05
1.000000000000000082e-05
1.000000000000000082e-05
1.000000000000000082e-05
5.000000000000000278e-02
5.999999999999999778e-02
5.999999999999999778e-02
7.000000000000000666e-02
8.000000000000000167e-02
8.000000000000000167e-02
8.999999999999999667e-02
8.999999999999999667e-02
8.999999999999999667e-02
8.999999999999999667e-02
8.000000000000000167e-02
8.000000000000000167e-02
7.000000000000000666e-02
5.999999999999999778e-02
5.999999999999999778e-02
5.000000000000000278e-02
4.000000000000000083e-02
2.900000000000000147e-02
1.299999999999999940e-02
8.000000000000000167e-03
7.000000000000000146e-03
6.000000000000000125e-03
5.999999999999999778e-02
7.000000000000000666e-02
7.000000000000000666e-02
8.999999999999999667e-02
8.999999999999999667e-02
1.000000000000000056e-01
1.000000000000000056e-01
1.100000000000000006e-01
1.100000000000000006e-01
1.100000000000000006e-01
1.000000000000000056e-01
1.000000000000000056e-01
8.999999999999999667e-02
8.000000000000000167e-02
7.000000000000000666e-02
5.999999999999999778e-02
5.000000000000000278e-02
4.000000000000000083e-02
2.100000000000000130e-02
1.400000000000000029e-02
1.299999999999999940e-02
1.000000000000000021e-02
7.000000000000000666e-02
8.000000000000000167e-02
8.000000000000000167e-02
1.000000000000000056e-01
1.100000000000000006e-01
1.100000000000000006e-01
1.199999999999999956e-01
1.199999999999999956e-01
1.300000000000000044e-01
1.300000000000000044e-01
1.199999999999999956e-01
1.100000000000000006e-01
1.000000000000000056e-01
1.000000000000000056e-01
8.999999999999999667e-02
8.000000000000000167e-02
7.000000000000000666e-02
5.000000000000000278e-02
2.999999999999999889e-02
2.100000000000000130e-02
1.899999999999999953e-02
1.600000000000000033e-02
8.000000000000000167e-02
8.999999999999999667e-02
8.999999999999999667e-02
1.100000000000000006e-01
1.199999999999999956e-01
1.300000000000000044e-01
1.400000000000000133e-01
1.400000000000000133e-01
1.400000000000000133e-01
1.400000000000000133e-01
1.400000000000000133e-01
1.300000000000000044e-01
1.199999999999999956e-01
1.100000000000000006e-01
1.000000000000000056e-01
1.000000000000000056e-01
8.000000000000000167e-02
5.999999999999999778e-02
3.899999999999999994e-02
2.999999999999999889e-02
2.699999999999999969e-02
2.299999999999999961e-02
1.199999999999999956e-01
1.199999999999999956e-01
1.300000000000000044e-01
1.400000000000000133e-01
1.499999999999999944e-01
1.499999999999999944e-01
1.499999999999999944e-01
1.499999999999999944e-01
1.499999999999999944e-01
1.400000000000000133e-01
1.400000000000000133e-01
1.300000000000000044e-01
8.999999999999999667e-02
8.000000000000000167e-02
7.000000000000000666e-02
4.800000000000000100e-02
3.599999999999999728e-02
2.999999999999999889e-02
1.600000000000000033e-02
1.299999999999999940e-02
1.099999999999999936e-02
7.199999999999999803e-03
1.400000000000000133e-01
1.400000000000000133e-01
1.499999999999999944e-01
1.700000000000000122e-01
1.799999999999999933e-01
1.799999999999999933e-01
1.799999999999999933e-01
1.799999999999999933e-01
1.799999999999999933e-01
1.700000000000000122e-01
1.700000000000000122e-01
1.600000000000000033e-01
1.199999999999999956e-01
1.100000000000000006e-01
8.999999999999999667e-02
6.900000000000000577e-02
5.399999999999999939e-02
4.299999999999999656e-02
2.599999999999999881e-02
2.100000000000000130e-02
1.799999999999999864e-02
1.299999999999999940e-02
1.600000000000000033e-01
1.600000000000000033e-01
1.799999999999999933e-01
2.000000000000000111e-01
2.099999999999999922e-01
2.099999999999999922e-01
2.200000000000000011e-01
2.200000000000000011e-01
2.200000000000000011e-01
2.099999999999999922e-01
2.099999999999999922e-01
1.900000000000000022e-01
1.499999999999999944e-01
1.400000000000000133e-01
1.199999999999999956e-01
8.999999999999999667e-02
7.199999999999999456e-02
5.800000000000000294e-02
3.899999999999999994e-02
3.099999999999999978e-02
2.699999999999999969e-02
2.100000000000000130e-02
1.700000000000000122e-01
1.900000000000000022e-01
2.000000000000000111e-01
2.200000000000000011e-01
2.300000000000000100e-01
2.399999999999999911e-01
2.399999999999999911e-01
2.500000000000000000e-01
2.399999999999999911e-01
2.399999999999999911e-01
2.399999999999999911e-01
2.200000000000000011e-01
1.799999999999999933e-01
1.600000000000000033e-01
1.400000000000000133e-01
1.100000000000000006e-01
8.999999999999999667e-02
7.599999999999999811e-02
5.500000000000000028e-02
4.499999999999999833e-02
3.899999999999999994e-02
3.099999999999999978e-02
1.299999999999999920e-05
1.200000000000000030e-05
1.200000000000000030e-05
1.099999999999999971e-05
1.099999999999999971e-05
1.000000000000000082e-05
9.000000000000000228e-06
7.999999999999999638e-06
7.999999999999999638e-06
6.999999999999999895e-06
6.999999999999999895e-06
1.500000000000000038e-05
1.399999999999999979e-05
1.399999999999999979e-05
1.299999999999999920e-05
1.200000000000000030e-05
1.099999999999999971e-05
1.099999999999999971e-05
9.000000000000000228e-06
9.000000000000000228e-06
7.999999999999999638e-06
7.999999999999999638e-06
1.699999999999999987e-05
1.599999999999999928e-05
1.500000000000000038e-05
1.500000000000000038e-05
1.399999999999999979e-05
1.299999999999999920e-05
1.200000000000000030e-05
1.099999999999999971e-05
1.000000000000000082e-05
9.000000000000000228e-06
9.000000000000000228e-06
1.900000000000000105e-05
1.800000000000000046e-05
1.800000000000000046e-05
1.699999999999999987e-05
1.599999999999999928e-05
1.399999999999999979e-05
1.399999999999999979e-05
1.200000000000000030e-05
1.099999999999999971e-05
1.000000000000000082e-05
1.000000000000000082e-05
2.199999999999999943e-05
2.099999999999999884e-05
2.000000000000000164e-05
1.900000000000000105e-05
1.800000000000000046e-05
1.599999999999999928e-05
1.500000000000000038e-05
1.299999999999999920e-05
1.299999999999999920e-05
1.099999999999999971e-05
1.099999999999999971e-05
2.400000000000000061e-05
2.300000000000000002e-05
2.199999999999999943e-05
2.099999999999999884e-05
2.000000000000000164e-05
1.800000000000000046e-05
1.699999999999999987e-05
1.500000000000000038e-05
1.399999999999999979e-05
1.200000000000000030e-05
1.200000000000000030e-05
2.699999999999999899e-05
2.599999999999999840e-05
2.500000000000000120e-05
2.300000000000000002e-05
2.199999999999999943e-05
2.000000000000000164e-05
1.900000000000000105e-05
1.699999999999999987e-05
1.599999999999999928e-05
1.399999999999999979e-05
1.399999999999999979e-05
3.000000000000000076e-05
2.900000000000000017e-05
2.799999999999999958e-05
2.599999999999999840e-05
2.500000000000000120e-05
2.199999999999999943e-05
2.099999999999999884e-05
1.800000000000000046e-05
1.699999999999999987e-05
1.500000000000000038e-05
1.500000000000000038e-05
1.200000000000000030e-05
1.200000000000000030e-05
1.099999999999999971e-05
1.000000000000000082e-05
1.000000000000000082e-05
9.000000000000000228e-06
9.000000000000000228e-06
7.999999999999999638e-06
7.999999999999999638e-06
6.999999999999999895e-06
6.999999999999999895e-06
1.399999999999999979e-05
1.299999999999999920e-05
1.299999999999999920e-05
1.200000000000000030e-05
1.099999999999999971e-05
1.099999999999999971e-05
1.000000000000000082e-05
9.000000000000000228e-06
9.000000000000000228e-06
7.999999999999999638e-06
6.999999999999999895e-06
1.599999999999999928e-05
1.500000000000000038e-05
1.399999999999999979e-05
1.399999999999999979e-05
1.299999999999999920e-05
1.200000000000000030e-05
1.099999999999999971e-05
1.000000000000000082e-05
1.000000000000000082e-05
9.000000000000000228e-06
7.999999999999999638e-06
1.800000000000000046e-05
1.699999999999999987e-05
1.599999999999999928e-05
1.500000000000000038e-05
1.500000000000000038e-05
1.399999999999999979e-05
1.299999999999999920e-05
1.200000000000000030e-05
1.099999999999999971e-05
1.000000000000000082e-05
1.000000000000000082e-05
2.000000000000000164e-05
2.000000000000000164e-05
1.900000000000000105e-05
1.699999999999999987e-05
1.599999999999999928e-05
1.500000000000000038e-05
1.399999999999999979e-05
1.299999999999999920e-05
1.200000000000000030e-05
1.099999999999999971e-05
1.099999999999999971e-05
2.300000000000000002e-05
2.199999999999999943e-05
2.099999999999999884e-05
1.900000000000000105e-05
1.800000000000000046e-05
1.699999999999999987e-05
1.599999999999999928e-05
1.500000000000000038e-05
1.399999999999999979e-05
1.200000000000000030e-05
1.200000000000000030e-05
2.599999999999999840e-05
2.500000000000000120e-05
2.300000000000000002e-05
2.199999999999999943e-05
2.000000000000000164e-05
1.900000000000000105e-05
1.800000000000000046e-05
1.599999999999999928e-05
1.500000000000000038e-05
1.299999999999999920e-05
1.299999999999999920e-05
2.799999999999999958e-05
2.699999999999999899e-05
2.599999999999999840e-05
2.400000000000000061e-05
2.199999999999999943e-05
2.099999999999999884e-05
2.000000000000000164e-05
1.800000000000000046e-05
1.699999999999999987e-05
1.500000000000000038e-05
1.500000000000000038e-05
4.000000000000000192e-04
4.000000000000000192e-04
4.000000000000000192e-04
4.000000000000000192e-04
4.000000000000000192e-04
4.000000000000000192e-04
4.000000000000000192e-04
4.000000000000000192e-04
4.000000000000000192e-04
4.000000000000000192e-04
4.000000000000000192e-04
4.000000000000000192e-04
4.000000000000000192e-04
4.000000000000000192e-04
4.000000000000000192e-04
4.000000000000000192e-04
4.000000000000000192e-04
4.000000000000000192e-04
4.000000000000000192e-04
4.000000000000000192e-04
4.000000000000000192e-04
4.000000000000000192e-04
4.000000000000000192e-04
4.000000000000000192e-04
4.000000000000000192e-04
4.000000000000000192e-04
4.000000000000000192e-04
4.000000000000000192e-04
4.000000000000000192e-04
4.000000000000000192e-04
4.000000000000000192e-04
4.000000000000000192e-04
4.000000000000000192e-04
4.000000000000000192e-04
4.000000000000000192e-04
4.000000000000000192e-04
4.000000000000000192e-04
4.000000000000000192e-04
4.000000000000000192e-04
4.000000000000000192e-04
4.000000000000000192e-04
4.000000000000000192e-04
4.000000000000000192e-04
4.000000000000000192e-04
4.000000000000000192e-04
4.000000000000000192e-04
4.000000000000000192e-04
4.000000000000000192e-04
4.000000000000000192e-04
4.000000000000000192e-04
4.000000000000000192e-04
4.000000000000000192e-04
4.000000000000000192e-04
4.000000000000000192e-04
4.000000000000000192e-04
4.000000000000000192e-04
4.000000000000000192e-04
4.000000000000000192e-04
4.000000000000000192e-04
4.000000000000000192e-04
4.000000000000000192e-04
4.000000000000000192e-04
4.000000000000000192e-04
4.000000000000000192e-04
4.000000000000000192e-04
4.000000000000000192e-04
4.000000000000000192e-04
4.000000000000000192e-04
4.000000000000000192e-04
4.000000000000000192e-04
4.000000000000000192e-04
4.000000000000000192e-04
4.000000000000000192e-04
4.000000000000000192e-04
4.000000000000000192e-04
4.000000000000000192e-04
4.000000000000000192e-04
4.000000000000000192e-04
4.000000000000000192e-04
4.000000000000000192e-04
4.000000000000000192e-04
4.000000000000000192e-04
4.000000000000000192e-04
4.000000000000000192e-04
4.000000000000000192e-04
4.000000000000000192e-04
4.000000000000000192e-04
4.000000000000000192e-04
4.000000000000000192e-04
4.000000000000000192e-04
