6.508604336724843620e-03
2.192081162865213706e+00
7.001367349536629092e+00
4.232805489946578348e-01
3.072701868992666618e-03
2.224184029375606997e+00
5.350307230672868286e-03
3.979911639001050716e+00
3.662299641531419070e-03
6.197541885856043820e-01
4.749080931987634813e-01
1.418999167406022721e+00
5.233091518767404082e+00
4.959041094338719091e+00
3.670979138562163513e+00
5.724276235584643047e+00
6.662484039837671013e+00
-2.241070733623118372e-03
1.003643610297473110e+01
2.554075688152366297e-01
2.151332743238754119e-04
1.993682756209054219e+00
1.713000782083469176e-01
8.004375470392803393e+00
3.841326311433430618e-01
2.294288748461248417e-01
4.930937671503574649e-01
1.255790192137713035e+00
4.131412934119918390e+00
7.909528150619848930e-03
6.535778338750208860e-02
-3.698915115745426974e-02
3.242668005192044234e-01
5.391510163425081714e-01
4.460852864431075204e-02
1.383194244311865884e+00
6.189436825080236737e+00
4.683966802685691988e+00
1.442454520203639845e-03
-2.888082243693190776e-03
3.482519017557700991e+00
8.572287079918083919e-03
5.441721553278995316e-01
5.449650144573503496e-01
5.323704199921873936e+00
1.456499688517770341e+00
5.014135806937964901e-01
7.863294189760718922e-01
6.379605054240045092e-01
4.336044795104587735e-01
6.159574821167481673e-01
5.794006430640072480e+00
2.889532067395045090e+00
2.862058713516191233e-02
8.046855258895035945e-03
1.168834370691056890e+00
2.681449163200078090e-02
7.306406586910796364e-02
4.906563322635131286e+00
1.091168951860070901e+00
1.474002143064000236e+00
2.396077990035809790e-01
3.875674455518009154e+00
9.710847097294699637e+00
2.656268023370558673e+00
9.603913039383797923e-01
1.956623011123868494e+00
6.701154976760450133e+00
9.992435365354417343e+00
2.552329532109252952e+00
7.643156836909970053e-01
7.561072750549318044e-01
3.766897844952535657e+00
4.562195701828956729e+00
2.147690123346489344e+00
2.869009072422734619e-02
2.357344427107698870e+00
5.389817425753591351e+00
3.461385240780434192e+00
1.987220647262688544e-02
2.685929614381521446e-03
-1.142200300723112960e-01
8.952992567522244372e-03
3.816120952813594869e+00
6.917935934808632226e-01
4.934868764523834272e-01
4.336723851202837210e-01
3.588540538233203847e+00
-1.495044701123049435e-04
5.403429551551022669e+00
8.472363647831837596e-01
2.407543761953673922e+00
3.055136072456459573e+00
1.905169214414559775e+00
4.525383383275851656e-01
2.216944068802462198e-03
3.406633990574530202e-01
1.247409135135935543e+00
6.759269321244932627e+00
1.976542188648799936e-02
3.822375077513324726e-01
4.769450101385759311e-01
6.520462145546204624e+00
5.400362013904267400e-01
4.704160979449465430e+00
2.714111248071304772e-03
6.879901146039234305e+00
6.112648286882933490e-01
3.089572179086763626e+00
1.435499901684540447e-01
5.674117458603920028e-01
7.536446398349951892e-01
5.113903508976827439e+00
4.422722716986703162e+00
8.195479550628625987e-02
7.148916002061316277e-01
1.018318035551148526e+00
3.267293959320891616e-01
-2.237048200841762480e-02
2.064368024508507204e+00
8.751294549198089356e+00
2.840625493982253502e+00
3.821179911680152586e+00
1.430867894518332406e+00
2.403727683259453851e+00
1.317290863350212504e+00
2.069357398038285112e-02
1.631518148659396594e+00
7.113458217981460052e+00
1.093079516788990979e+01
1.982162924330133080e-02
1.718711715642307070e-02
6.875210244394995840e-01
-9.395137469931924556e-04
4.198763147682406327e+00
1.163599322323998564e+01
4.648840165885287590e+00
3.847101795872340801e-01
5.916815127143415509e-01
1.348523506556276175e-01
4.749080931987634813e-01
6.230668831368486593e-01
4.918170194521547245e-01
8.694234953529669241e-01
2.510184213341268844e-01
2.585183900858947226e-01
-2.145819297684659066e-01
1.053056880733649336e-02
3.301804186805497920e+00
-8.967447248710813668e-02
3.597382401682789776e+00
2.294288748461248417e-01
3.920231581801676413e-01
1.235363972853065206e-03
1.834070674986456595e-01
3.746258570842877500e+00
4.035079110252155488e-01
4.021895913002264678e-01
8.322876815249458105e-03
6.253574644294648266e-01
6.490906384175545440e-01
5.897249070961407824e-01
8.617471473293777606e+00
2.514684201122078022e+00
1.926067362765238045e-03
8.325428037171338502e-01
5.107399856638690672e+00
6.253574644294648266e-01
2.835379263185783927e+00
2.094471661584531574e+00
8.105705465280799160e-01
2.380145023935060777e-01
6.987433202105819419e-03
5.047114398669510393e+00
3.143642295970273892e+00
1.731158937021373134e-01
5.250526131552042841e+00
1.150551568625808319e+00
6.639460291815158399e+00
1.355156555261665119e-01
4.534823243672773785e+00
1.805238433330886849e+00
1.037282760940470894e+00
2.401912646391105799e+00
6.672328100128410711e-03
1.989161602174410959e+00
2.008186451990130905e+00
7.928237973477614275e-02
3.012686326347751020e-01
5.279749827755573222e-01
2.907742849718402134e+00
2.322207253412599925e+00
2.446968067059547280e-01
1.871412910153162024e+00
2.661869544825297140e-01
2.284629866710066182e-01
-1.465987262543322345e-03
5.661745103965754922e+00
7.978227448088299312e+00
1.177271136806368190e-02
1.543438011476228056e-02
2.112689767089992898e+00
1.297512523255051065e-04
4.816389422464030901e+00
1.337433747281414398e+00
1.066313242691045104e+00
2.852995673910356800e-01
3.177855494556371951e-01
1.319334182832676561e-02
2.959278794548003244e+00
8.071226178226282855e-01
6.721345919638466171e-03
5.582295496341593832e-02
1.315697878277717336e-01
2.484505037262341176e+00
1.033968673015477790e+01
1.221584359511027174e+00
1.777896702837544751e-01
3.065893779422625087e+00
1.977388864615665653e+00
4.115961594081909425e-01
3.037158645522260336e+00
8.383061816694006296e-01
1.359559632112317118e+00
4.642275240805404657e+00
4.434648869069857113e-01
1.073556172378484774e-01
2.853064933497688749e+00
1.965257512461704437e-02
7.275905527803221418e-01
4.977255024746627399e+00
9.115001000444884482e-01
5.531618936403512876e+00
8.852578217738109601e-01
5.283480214446742984e+00
7.434898877322186905e-01
7.660106532774904053e-01
3.301883185677469967e-01
-6.383360416033312390e-02
3.713558963692504378e+00
1.215216289197940114e-02
-1.212789391431101649e-03
5.604630627047413327e-04
1.012738163865503083e-01
9.310689893268843775e+00
-1.050486075306920064e-01
2.108728367501626622e-01
2.901996373501170012e-01
6.797200245160015086e+00
2.295976048992262264e+00
5.767936251997394237e+00
4.418166432923845477e+00
6.578403838351487565e+00
4.751873820348880173e+00
1.470225386061454920e+00
2.788731473489001189e-01
4.918527942311712309e-01
1.005657554984473734e-02
2.836751159003281231e-01
5.782186186669999728e-01
4.143218228288416682e-01
6.520477808980071899e-01
2.695198362199093367e+00
2.633557257620822156e-04
3.380244996218597642e-01
1.678461494101110674e+00
3.804769683043537576e+00
1.224642464984313506e-01
3.842616468984871858e-03
8.128394727189043323e-01
3.070936305089341012e+00
3.433519092099217573e-01
2.608525459436043192e+00
2.935039189574553120e-01
-3.633391289428189452e-03
3.944838160577788244e-01
1.531418803101480819e-02
1.357573912168557939e+00
5.680738853194817750e-01
1.230163339165597947e+00
5.309232481692713890e+00
4.733843002293607327e-01
2.357025848051605976e-01
3.127675893553671926e-03
-5.145776483681863134e-02
2.258660874282316655e-01
1.832750664697524456e-02
1.855011059133841123e+00
7.435574987589905760e-01
-1.957416006263201780e-03
3.309083359727337026e+00
6.865234457953430791e-01
6.159899677613243085e-01
4.240932371610418805e+00
2.647599803614753000e-02
8.201927227708498691e-01
-3.511074047466422599e-04
3.591649798524230164e+00
3.284720939800703121e+00
1.296738690786725101e-03
2.284527159451759104e-01
1.029214672558674692e+01
1.123508733344879218e+00
1.345667751251551358e-01
2.995325925435177172e+00
5.827977685504315275e-01
-7.002993890107944708e-03
2.987824967579922664e+00
1.373858702669844334e+00
1.698691118344701323e+00
-2.694379137832214610e-03
3.573393206778519016e-03
2.866780993384532294e-01
1.056875334099593999e-02
-2.888082243693190776e-03
3.952300219703217543e-01
-4.264617454674990427e-03
5.679574983569128932e+00
4.672227426239672354e-01
4.657548956174955457e+00
6.146506878967104015e-01
1.545499518764437141e-01
6.685577451500776647e+00
1.727883592419328096e-01
1.550487281081096569e-01
1.801291447888431208e-03
2.384645051257177073e-01
5.287372706784940313e+00
-6.904176377654280827e-03
6.732194658801556209e+00
1.830543634212400406e-01
1.134633751651835354e+01
1.777687940499740549e+00
6.329495909315419055e-01
3.187335883422033334e-01
-1.363020416822435799e-02
1.853046257028552191e-01
2.402995762183966377e+00
8.707052650848918773e-01
3.546228538803983810e-01
7.048295570020659540e-01
2.859346338429897827e-01
1.991654404073770479e-01
1.105742239076976929e+01
2.155798456687367803e-01
7.430108300041560199e-01
5.021359710925352715e-01
2.360184740341315646e-01
1.984309178848064903e-02
5.434099886008070257e-03
7.034056705681912547e-02
3.000044206676176106e+00
-4.073635785120544028e-03
2.370311303413465964e-01
6.470563840644079079e-01
-4.398755534269938039e-03
9.044354447299003397e-01
9.851226571279351418e+00
4.679227107926688944e-01
2.277678306064963465e+00
1.836418710780714392e+00
4.426954486631408336e+00
5.041561909119886664e+00
1.048050706489263284e+01
4.694887622495468094e+00
1.213556787167863860e+00
6.297398121894293155e-01
2.329485964359001571e-02
2.771974045919813889e+00
5.018407206524218900e+00
4.001661589328197266e+00
-4.331827133343857383e-02
5.007119130798209916e-02
2.196906980120871822e-03
1.017599263499407236e+01
3.525090445709366804e-02
3.888472449843920487e-01
3.729604741141283597e-01
4.910834471223842534e+00
-5.741635273739831291e-03
3.682777613581114551e+00
1.235388396199876837e-01
1.372512714717899485e-02
1.077217461920161323e+00
1.187063198597071434e-03
2.304465268110806875e-01
1.086349363282433700e+00
6.215537948140960722e+00
3.569522710817043532e-01
9.540261675318326695e-01
3.742557098327701226e-01
4.407530418664151739e-04
9.183171056945127475e-02
1.687420959877403703e-01
7.101666180112893301e-01
3.393005951894512151e-01
2.164894673841288864e-03
3.305641269418686967e+00
4.796917587275177919e-01
8.308529044460755131e-02
4.062109687811807035e+00
9.167696671587091117e-01
6.731236750832856330e-01
4.237404085855676072e-01
1.244958091922353738e+00
2.142926826677076235e-01
3.417618010933765049e-03
4.939079594076716262e-01
3.429154241733036734e+00
4.615124295877830463e+00
3.958393453033259846e-01
9.031632108218374810e-01
-2.016645181014524724e-01
7.833117470338990529e-03
9.571297029816115298e+00
2.912974844159892385e+00
3.916512509165830380e-01
6.209243181695338620e-01
2.012586614051063982e-01
8.660711570823750094e+00
2.188021559379293990e-01
4.529953149153414849e+00
7.475716755232751254e+00
1.573116967271623423e+00
9.294680371522204609e+00
1.366661348525255448e-03
-1.583289839730994686e-03
6.535222232415094368e-03
7.536639016266111213e-01
1.212412706674005136e+00
2.354077007757382489e-02
5.966903357346264869e+00
1.062992509047863443e+01
-3.141610481120693521e-02
7.084056475356703686e-03
4.814127425167278318e-01
2.582358971318914342e-01
5.963347958267263493e+00
7.071196401249392416e+00
-2.615386588349366548e-03
9.691716347410199717e-01
8.264130760073511439e+00
1.296568455421374111e+00
9.436935446799159521e-01
4.471843196053928438e-01
9.939818290949276047e-02
2.722128540395729601e-01
6.265677079015929962e-03
7.844270641821147194e+00
4.366787326617911802e+00
1.431812630353598514e+00
5.085484648993059409e-01
1.238433149720020943e+00
3.848728256253398872e+00
4.617026478092647324e-01
1.266023126797092502e+00
1.824056624807539606e-01
5.554915385237890746e-03
4.201499578399035428e+00
1.767057958541454532e+00
4.483203483072824014e-01
1.727374386742393853e+00
7.501777410844145955e-01
5.134238730412420182e+00
5.198583245391482421e+00
5.798079628134676256e+00
2.032631811102518782e-01
7.465604702246586566e-01
7.821234424319379208e+00
6.456824276382471695e+00
7.883549704665426816e-03
4.996624864369913155e+00
7.023547404199703692e-01
4.197278452139464378e+00
8.555032428699256286e-01
8.776854458252394409e-01
7.547777104261612635e-01
5.941880313731413565e-01
4.315494605500607150e+00
2.335820248406306199e+00
3.953738826023478481e-01
7.129946558117303823e-01
2.544902649479705126e+00
2.310039056555971637e+00
1.391485930976976704e-02
1.505910347744254807e-01
1.191391746479375513e-02
3.629891070890867155e+00
3.151383652331150032e-01
2.621038047987984676e+00
1.176982230569123544e-01
9.592339895572479236e-01
-9.493384069051957752e-02
8.843144596186025552e-01
3.305789351252313324e+00
1.561082316385675739e-01
4.066575232778877336e-01
7.736387821034291790e-01
3.562602661089554701e+00
9.591456258418435965e-01
9.204668751035125496e-01
2.694380211030549255e+00
2.084437866326068090e+00
3.982569190103646406e-03
2.336118073157981812e+00
3.891430164008244930e-01
1.159141485368104796e+00
3.687706678858770459e+00
2.116033617164752911e+00
7.326364633957371808e-01
4.453587695421710180e-01
4.481645488159244906e-01
4.126779204287444713e+00
7.794316062533510170e+00
1.994618637078282575e-02
1.007792561836911460e+00
4.079235582738949262e-01
2.036123876575741676e-01
-4.106872085473467493e-02
1.261144729212528404e+00
2.763881259472245944e+00
4.492992575117662923e+00
7.729641740249535431e-01
3.955671425438502808e+00
-1.810787984270589845e-03
8.395267836065105627e-01
3.872103797182949947e+00
-8.384504354436872475e-02
2.241805794643973115e+00
4.234622862385482023e-01
5.075768517637211374e-01
4.053478478560634812e-04
1.625751588782620161e-02
5.957784589313135371e-01
8.900028393243597513e-02
5.659174303968761421e-01
3.519193978764061370e-01
9.823700355724511724e-01
5.647806108397421809e-01
6.891351050220962726e+00
8.962728311688419325e-01
5.853127542815492745e-01
3.789199411065844458e-01
5.795740403626671977e+00
6.612379653911109045e-01
1.062588285972998037e+01
3.196308959744132316e+00
4.294145850591974956e+00
2.713422931664606352e-01
3.175959689232232819e-01
4.194441892515303749e-01
-2.113815670028040827e-02
2.487496613141360058e-02
2.629264226243659408e-01
9.977044463814976893e-03
1.352244014844039555e-01
6.291816249958158025e+00
-2.853022950795036650e-04
7.915579142231621290e-03
6.888201850365760492e-04
5.766449291445734815e+00
2.437594717498789976e-01
1.488338062984999155e+00
4.570958539257841124e-01
1.571008410343033290e-02
4.989040407474796268e-01
9.364809117195243005e-01
7.121873639458122796e+00
3.293854608838198139e-02
3.553286682779575045e-01
3.633500832784619661e-02
6.358337122992150370e-01
6.647901531960542343e+00
1.779899084039064050e+00
3.969839870090989820e-01
6.947006382855137829e+00
-3.060056819315093435e-04
2.548356032516050362e-01
1.073712061813598240e+00
3.280789474939567185e-01
3.462684171396811728e+00
7.054409308109299559e-03
1.964241934283712521e+00
1.116606211525663639e-01
3.361069328225580577e+00
4.104936792082364505e+00
3.393700700723350394e+00
1.618899117316439984e+00
2.778945197266384781e-01
1.414113391220407134e+00
1.235965138904308702e+00
1.611605704167295983e-02
1.841893618533880783e-01
1.598445192402875747e+00
8.248019429165999838e+00
4.021342801176697179e+00
3.172264946021741139e-03
1.717653001563222315e+00
1.249229637258864045e-02
5.822805907362258004e+00
1.755076390131927511e+00
9.726739866648514976e-03
2.048666568690782341e+00
1.349916726392017097e+00
3.096171145096189292e-01
5.995612305273922971e-02
1.145612108226781611e+00
6.631524281647447339e-01
3.770464918011970923e-01
9.752369731794621188e-01
9.167696671587091117e-01
2.009600726037632512e-01
1.400979712402884658e+00
4.885415051401711395e-01
1.090146599375163561e-01
2.970160376071007136e-03
1.485801181704715646e-03
3.136075079044609026e+00
9.925703608769556041e-01
4.286966262731261246e+00
7.184488070625960177e+00
6.917360689357394676e-01
-1.773102766833289934e-04
4.171374551044365830e+00
5.467282947558924633e-01
8.249193803818344328e-01
2.371704258490611394e+00
4.893665913248206323e-01
6.044264663828489148e-01
5.006370435387689888e+00
1.042452083757265946e-01
5.649543667351419884e-01
3.904193644633267013e-01
3.618870227316666188e-01
1.384230779223472041e-02
6.953933212496075100e-01
5.261413085034973847e+00
9.137671720033129219e-01
3.137488634408406085e+00
3.330553933679354373e-01
5.148502487297152541e+00
1.964035150854215317e-02
-2.105491923494184903e-04
1.216082991140828184e+00
2.105673043022134650e+00
2.279196212447738290e+00
9.812819686740006375e-01
2.317986079661089605e-01
3.079704590477280846e+00
7.644680434273032787e+00
3.364771616410067168e-02
6.993780571257950385e-01
8.551569154717419963e-02
3.375610423927561499e+00
6.393661358381350190e+00
9.532357778384259461e-02
2.486245847914611673e+00
1.461149972199033087e+00
6.451367651672299530e-01
4.150376775847680832e+00
9.314801205089549008e-01
7.710959950818081055e+00
4.569603817529497292e-01
2.382203429579803355e-01
4.065547112475087488e-05
4.711371360901850380e-01
7.855945723638839695e-01
5.839538222330105555e+00
7.593669270969218843e-01
2.970937716053420274e+00
1.224586171523256439e-02
1.201624665343455689e+00
7.855945723638839695e-01
4.176521104374604221e-01
1.233588352071715022e+00
2.871878972371622041e+00
5.800174254382044481e+00
4.309765485719630362e+00
7.432039050641492395e-03
-1.306735993116703298e-02
3.382252153806462047e+00
4.421251779642521029e-01
2.980662681050461060e-03
4.710901483351523922e-01
8.210856554026140230e-01
1.781658459762311963e-01
4.006320354155116448e+00
3.486059002865182777e-02
2.991941269541404935e-01
7.197776252292964472e-01
6.337269006902968016e-01
2.697693437725553700e+00
3.017750732134643066e+00
7.812784514101007716e-01
2.989038221833872910e-02
3.871855750404407104e-01
3.985751531453267660e-01
6.372656373055889389e-01
8.215076709375708219e-01
-3.596996916401540290e-02
9.490132220424452925e+00
5.382551426063031386e-03
7.872005349377459993e-01
3.727127736456587570e+00
5.867932707267211612e-01
5.176825727360103713e-01
2.891930083448134070e+00
1.905912149643708808e+00
1.723218729163665586e+00
5.740209550994499921e+00
9.998958341714949682e-01
3.099298071926051890e+00
4.883515709796832027e+00
1.065063911101028715e+00
2.934088753324228804e-01
1.126987684775371701e+00
8.567428939838155344e-01
2.905706295816123941e-02
6.592187042529296548e+00
3.412494732282755905e-01
5.441315175782467151e+00
3.862509625255583501e-03
2.193369949520414863e+00
8.461653878587238609e-01
5.443239022667275329e+00
3.569360317789715964e-02
7.967184925941950269e-02
8.066503823891224556e-01
7.070313425521330686e-01
4.891225261877352182e-03
1.287869196144896478e+00
3.690660763434090441e+00
2.761412754240630818e+00
4.249309537972276729e-01
-1.351500266966354502e-02
7.196065437712956481e+00
8.706490886018762865e-01
2.250675600283358335e-03
7.509846665879393868e-03
-8.458310779847266758e-03
7.545869981513675384e-01
4.108742627324712515e+00
4.088805041289925057e+00
2.898613206816271770e-01
1.663709764036690686e+00
4.320846729543060150e+00
1.092135138307277487e-01
2.439079801201131659e-01
4.652918508143946141e-01
6.338301711644023229e-02
7.415361516383480733e-01
4.170374274722217223e-01
5.192113220925484995e-01
2.639646012236642747e-01
1.115895329683299408e+00
7.167941135838606925e-01
1.177941827905828909e+00
3.884341915542362855e+00
5.091647887599819455e+00
8.603399612838465771e+00
6.173698389588082591e-01
5.550335809491375727e-01
4.738064483264450288e-01
1.359390534342133083e+00
3.789199411065844458e-01
5.739951970421637739e+00
5.668392394468888540e-01
1.005950139121398834e+01
4.553624660433364113e-01
1.257429517036907640e-01
1.091330708833788421e+01
6.192152819005709574e-01
1.138700844127111367e+01
2.932754504279801999e+00
-5.590268560425215583e-03
8.852578217738109601e-01
1.544334536071964692e+00
7.972994129053994072e-01
9.106840799329631864e-01
6.739001804407608986e+00
1.087511410625028319e-01
1.049048474255045882e+00
9.157608972155802718e+00
2.966505090760051644e+00
6.385568244827410922e-02
1.051648626703697076e+00
7.109346601273340838e-01
6.247121388729439673e-01
3.752403635195076248e-01
5.209664892877886366e+00
1.943355327060878324e-01
1.201371557227963294e+00
6.823304536664309694e-02
3.003449167723992730e-02
3.095603542686015786e+00
9.008641167989672738e-01
5.021359710925352715e-01
-5.288863935248855341e-04
2.092650824223253991e+00
8.133055485411944119e-02
1.074799633096597873e+00
-1.186650625044194385e-03
-4.743639878284611200e-02
3.272187497335773188e+00
4.247315191053642636e+00
5.488712245625748665e-03
3.168384528603283457e+00
2.512536954971535508e+00
6.606973066561749874e-02
6.882347336265581816e-03
3.773061056596768381e+00
8.949223794563585521e-01
1.088346399140105447e-02
4.001379548828811750e-01
1.319595136307505356e-02
1.219606979364407096e-02
5.891359487087068914e-01
-4.325769095399323305e-02
8.121193580726790984e-01
7.313316433587588428e+00
1.546288780906463600e+00
1.092169935557052440e-03
1.959907727996874627e-01
8.808123648594623489e-01
2.934810215516527876e-01
2.452776332847705909e+00
8.558667911505559722e-01
1.226203410676896866e+00
6.768981275127833541e+00
3.942601622729598354e+00
2.573268310498741052e+00
3.267873140192440573e+00
8.657181402998775255e+00
7.186712279942497617e-03
1.466130808006838038e-02
6.902401695704440954e-03
4.947375042687873758e-01
1.985678150506409168e-02
7.559943808271105681e-01
7.092226141484747615e-03
3.165655318140100150e+00
6.548903671015535721e-01
7.353819999318031542e+00
-8.692456572846563034e-02
6.617848788720692710e-02
1.177149928870624862e+00
1.758779306944049381e+00
4.777996109815828341e+00
1.449766142274206970e-01
6.466660687567751253e+00
9.355213490399242104e+00
7.886874050348673393e-01
1.248349831610457983e-01
1.208622856211150065e-03
2.800570736094822877e-01
-6.824612109452843356e-03
4.557098479800725244e-01
1.601069059192930411e+00
7.233571179685327479e-02
6.095812809401365939e+00
9.809403519247963388e-01
3.329913715178420830e-01
-1.777943608036758327e-02
8.748224120344261223e-03
9.285739867648992174e-01
5.596908204689814426e+00
4.796265235013077444e-01
2.859776759565058057e-01
3.219875538111516278e-02
1.894905385425840194e-01
4.980598122860180332e-01
9.711954616198603674e-01
3.349671779682026340e-01
7.874477150098879719e-02
9.676950508371362503e-03
-2.067125481504739071e-02
7.636120845300959914e+00
4.131752025679805485e+00
5.151163482009136985e+00
4.396252154212199059e-01
3.494328181098321995e+00
4.514398959848066717e+00
5.046248176971630528e-01
2.420471197235443128e-01
2.550236369569871542e+00
5.207668608564741675e-01
4.469860685070344175e+00
8.461845800332685741e-01
2.844652903619788731e-01
1.088013971866738316e+00
5.858156250839678947e+00
7.535400950527311181e-01
3.932450077691218127e+00
-2.638433575317122859e-04
1.073231125284124232e-02
2.886537727894200600e-02
-8.169006632433140069e-02
4.038280433756288090e+00
3.765796750436479101e+00
-8.153649974155685598e-03
9.603329793133497105e-03
1.238749031466621631e-01
4.292782890295343989e+00
7.569835288852058142e-01
7.704004778817349575e+00
1.205400662484587215e+00
5.151544262768670279e-01
2.311244013516269291e-01
1.090551130248051948e-02
8.014748623761391855e-03
6.142784479468277326e-01
3.499649044875615900e+00
4.341295389063049015e-02
6.582303045549053877e-02
5.627276155918940148e+00
3.824190752204042809e+00
9.393178286297381163e-01
8.220750478457262034e+00
6.973912243903868102e-03
9.021357442076453736e+00
8.559985084202264005e-01
3.643215489745745828e-01
1.018375415319749422e+01
4.477305009077170439e-03
4.929220930460491701e-01
6.129355115401491361e-01
5.674117458603920028e-01
9.889833401852779815e+00
1.111139771222386941e+00
5.287133435469826281e-03
1.147374415385398194e+00
4.696958891362434940e-02
5.316714899420382778e-02
-1.345392517198540361e-02
8.885921125485971572e+00
2.159425989822967296e-01
-8.198099982870132862e-05
5.710166162744227059e+00
4.060907192762407192e+00
-3.493521124043064141e-02
1.430161215817626896e-02
-8.472701559749573619e-02
-1.253158915160890174e-02
6.585371674145079623e-03
6.559096237611539593e+00
4.148040709697413675e+00
3.153429337266899779e-02
1.295971302856990803e-02
5.853628322543347196e-01
6.021375126308211811e+00
3.522796204693978694e-01
1.123430034534798772e+01
3.865766911620038826e-01
-7.434718256575933992e-04
6.811108263695686560e-03
3.531766313921677281e+00
1.030611228468086171e+00
3.602920552012989219e-01
5.881328464466122341e+00
4.048011163839081661e+00
1.664942414105612833e+00
2.763377292663188101e+00
-1.042737686708803402e-01
5.275929555141739336e+00
5.601502327905976131e-01
6.649238581010603610e-01
2.815952825905494450e-01
3.072529461660522543e-02
1.013447233798335390e+01
1.201342894377024351e-01
1.190197043915748765e+00
8.526639305408796332e-01
-3.250498792138456494e-02
4.829779072010898844e+00
-1.259013667753534627e-01
2.756786352969843534e+00
1.215951708321091118e+00
3.120060706588478894e-01
4.611956377056340983e-01
3.466622641178247477e-01
2.940425946025637671e-01
6.745361663137732222e-01
3.450858470370121722e-02
5.018962871006849014e-01
6.852422160620539771e+00
2.688937009644245535e-01
8.128394727189043323e-01
4.600107417023497902e+00
2.701511674613854552e-03
5.650294617317239698e-01
3.892643960543844983e+00
5.852556966221342805e-01
6.339637325822289782e+00
4.155350480906395916e+00
2.444178669876162502e-01
1.679359504051928909e+00
5.434465157174752648e-01
1.941918716554067892e+00
-4.721046863586386699e-02
2.025908840262875543e-01
-2.666105485956116183e-02
1.401629494777902440e+00
5.976688221967446424e+00
6.581509016149560409e-01
3.739278833567034610e-01
1.177955453127375929e+00
5.783359974312771712e-01
-1.023781325101147388e-02
1.174819875124732960e-02
3.973193296838219979e+00
5.770014376591001692e-01
5.755808846372776344e-01
2.769788692353465365e+00
-1.278582968172514711e-03
1.946295013411667441e-01
5.336564215945546863e+00
8.090065574007519800e+00
-6.591473441266337829e-02
6.340206346519607905e-01
7.213878617898732415e-01
1.099496654405514917e+00
-3.296731202484082246e-03
3.183715572465235510e+00
-1.052747990256364119e-01
5.533020090633371524e-01
3.970443802722760651e-01
4.196206792471457447e-02
1.408963578791840199e+00
4.008824565567074671e+00
6.087973424251586607e+00
4.368810146605436984e+00
4.332590195012405943e+00
1.223195031747058792e+00
4.999699510220576570e-01
4.699616438084284198e+00
1.082002706441542728e-03
5.778217920557153775e-01
3.805544506521103987e+00
3.794866907705580772e+00
6.899950252985071586e+00
9.860549176517299230e-01
8.113649467683181626e-01
1.037510377778421145e-01
4.563098078317807449e+00
2.080649843228190576e-01
3.678734292370529069e+00
2.826153898105943085e+00
2.286163337877715307e+00
6.759996128619327749e-02
1.596986161358935785e+00
6.270764027079422931e-02
5.207239288611842376e-01
7.536446398349951892e-01
3.495191604842080579e-01
2.190385848243697531e+00
4.516089507177841078e+00
9.850470532865696072e-01
3.803673571765964212e-01
9.119130066442210136e+00
3.497441742326934389e-02
1.664739947485532667e+00
3.817513000218042407e-03
2.390820971458769151e-01
3.231085158087800835e-01
1.520932915082351400e-01
6.596873129751656961e-03
8.013318767562580547e-01
7.741263532442994588e-01
1.730014182316388371e-01
4.918549800553196683e+00
7.509889881358127184e-01
9.540261675318326695e-01
8.026995652168741557e+00
7.470272793243190712e+00
1.059892736439724814e-01
1.063650177251114215e-01
6.747971978726070574e-01
4.868923689347726125e-02
9.150192414865774282e-01
7.231433309909027329e+00
4.220992504006790824e-01
1.711362628856498702e+00
-4.514195835615009145e-02
2.443327468775697398e+00
5.692795951462734649e-01
4.421792026752976668e+00
2.157461955259036834e+00
3.457038186572517269e+00
3.798849855672505882e+00
3.740422392037851651e+00
3.651933380875522772e-01
-4.695238646087673828e-03
1.076121083617067598e-01
-2.515117539781641653e-02
5.458503126592086474e+00
6.733030094386194264e-03
4.104823018240111310e-03
4.927494812089960874e-02
3.195558619234040165e-01
2.458918881747313989e+00
4.775973299709074027e+00
9.025538334118284212e+00
1.807001937942304792e+00
4.883864248219840221e-01
5.247874488947452676e-01
4.930497140982355475e+00
1.443102699352522222e+00
-6.798932573336635699e-02
1.027737908183779414e+00
5.382760662564933796e-03
1.940510933550285699e-01
7.783486571293574130e-01
8.487362934031317252e-01
2.554406594000400155e+00
7.520752160097199379e-01
4.443512349686429275e-03
4.323993101314886900e-01
6.435299615086265135e-03
1.270930003818158127e+00
1.783285617024661818e+00
-2.222220971021648950e-02
-4.995057759192178537e-03
6.451127633624764712e-03
5.424619327161899207e-01
4.396936654650463794e+00
4.879758332688268752e+00
2.585690933878365794e+00
4.945322275996588246e+00
2.195396339497063920e+00
4.847660908497495313e-01
1.773760055555246851e-01
-1.594664668933631901e-02
3.080705611196639548e+00
4.932877444382555154e-02
6.284849512323631870e+00
4.926586042193044079e-01
3.086583430933254490e+00
8.646328731473376550e+00
8.383824963112976647e+00
3.130200245669627179e+00
1.235377510055979400e-01
4.807964746135406031e+00
5.079546087352344585e-01
2.452958384111418866e-01
4.035160853596032382e+00
2.770639000300629817e-01
7.808449528148848628e-01
3.727409317116587850e+00
-5.702244237539844107e-04
4.763824430994707981e+00
5.453803165628778871e+00
1.044268605999949084e+00
4.452324987585853933e-03
9.167742992369106503e+00
5.716553818773308038e+00
2.311558420886061782e-01
2.691371291988119197e+00
6.983362486965006610e+00
1.511697915094014633e-01
-6.119374300125768329e-03
9.492540803234916780e-03
1.615431814345228645e+00
2.693231451492337669e+00
1.016426277767829234e+00
-5.335954460878067351e-02
6.540520477324811566e+00
9.037366880861323892e-01
4.746973633432105544e-02
8.676449713863476632e-02
2.418764387473325783e+00
8.051043207094577880e+00
2.726338372946978783e+00
1.543180449657345576e+00
7.776605291132199227e-02
5.848626848602833661e-02
9.398353651134208064e-01
2.966688258520573385e-01
4.817052877543007483e+00
3.383743978718301904e+00
3.075939241436191907e-01
-1.257851801342724229e-02
2.773494258594784156e-01
1.790450811986357138e-01
4.682807896540883696e+00
2.274271492943569228e-04
2.412861200514529791e+00
5.439155866551441676e-01
1.154033406019393837e+01
1.966938083052554020e-01
6.295400586222648087e-01
2.362581037526041428e-01
5.096372292072537391e-01
3.052195254070966257e-02
8.005734488319937725e-01
7.875873627961499146e+00
7.043562616822498512e-01
1.197630285788520155e-02
7.702548260599575869e+00
5.979572871027571956e+00
1.130152553695721096e+00
3.502276794676788541e-01
9.088644758740276330e-01
9.071829039271506190e-01
1.899677669712218631e-03
7.938673653958780108e+00
-2.392762793149927347e-03
6.779144890472714735e-01
7.814886355017609532e-01
4.760024945247405270e-01
3.753437577951661552e-01
4.992190745309148525e-01
-1.092422660740055562e-04
5.594314108214611281e+00
4.221838695776227723e-01
7.748280836467046129e+00
7.554117583753239273e-03
1.040793143444856739e+01
3.222273326418759964e+00
1.040381733013955312e-01
1.856820663039235875e+00
5.407410407152504206e-01
4.581479447670453453e-01
6.563364913525328248e+00
-2.866915946892878431e-02
7.016901048673176433e-01
9.237220873246183572e+00
1.003843561298117137e+00
2.469017148577341558e-01
6.982556658301430019e+00
1.092942028961374490e-03
1.702291570944876042e-01
5.658957924770557923e+00
3.665586139019705314e+00
8.484444944244614817e+00
7.615718355496596814e-01
1.200610275172712349e+00
4.353027738958612503e-01
1.015834988518902193e+00
6.980576452635549600e-01
3.967709014641687126e+00
8.764541511941692065e+00
4.206219557507749229e+00
6.038823820239027640e-01
3.964240115798762787e-01
2.520531511172077188e-01
1.471222645159819820e-01
7.123679135153639486e+00
4.753227920585307409e+00
1.423927290429342740e+00
6.793370462492998030e-01
3.353097349213687295e-01
1.248349831610457983e-01
1.439332571248271186e+00
5.730743152242601113e+00
8.808123648594623489e-01
5.937201035504845237e+00
1.700409743883746216e-02
4.366966397531593991e+00
1.022505248941609324e+00
4.395806009212188670e-02
2.441668196758888243e+00
9.743952311661653098e+00
3.803831012458900318e-01
2.060613991316682103e+00
6.180873673386102496e-01
-4.457698331889581311e-02
3.586512268896058231e-04
8.665965286514580868e-01
3.245672749511907540e-01
3.206199079480141378e+00
3.650852413162368748e-01
3.722697845135289896e-01
6.280278502609704105e-03
1.037753082780739078e-01
6.981520461087242779e-03
7.715507964297498411e+00
9.115120193074379706e-01
1.142567400491909524e-01
3.658377465524873529e-01
-1.683048846363988105e-02
5.599114668003334572e+00
5.282556342157178619e-01
2.599617263988522886e+00
-2.654644901909364307e-04
6.723058379407667928e+00
-3.314128587119213876e-03
2.777845507516921941e+00
7.465522331094893715e-01
2.168107490014882011e+00
1.850083937990323335e-01
6.925541436066417589e+00
3.656244268449118096e-01
5.257607347708415091e-04
9.495939244140290114e-01
1.379148304068303688e+00
5.743777203942954657e-01
2.425226016233992254e-01
-4.288034956075659210e-02
1.613204889219840510e+00
1.516152185296579802e-01
2.228469740576812796e-01
7.291055841268807569e-01
3.025101779688341708e-01
8.198202305242179300e-01
1.430161215817626896e-02
7.864340808498675450e-01
3.216110291792890763e-01
1.777792336298489317e-03
9.452571890866678928e-03
6.936025416771869345e-01
1.321298809569238841e+00
3.309203197095911264e-01
6.246151630564966695e-03
1.366332693687155597e-02
3.872265930120577515e+00
4.512783816382034630e+00
-1.767457739209277179e-03
2.236536173184422438e-01
2.330411359784054781e-01
-3.136798926705886004e-02
9.736016866616004073e-02
6.331551897321636702e-01
2.505419276267816464e+00
1.188448966399768381e+00
1.369297192853942136e-01
6.530654323464997191e-01
4.281946953089033059e-03
7.499436390065916669e-02
5.849878533059459151e+00
3.634945356521530613e-01
-3.094437926952409157e-03
6.438875648479225333e-02
-8.933807585442821164e-04
4.038508411530768782e+00
1.967023614371221640e+00
7.370882058312779428e+00
6.808085088476278912e-01
-3.127558928292017981e-02
7.319314271065024968e-03
2.730864129221188819e-03
3.556832049300417964e-01
1.817483237849188082e+00
8.651169018890563223e-01
3.518650622454657650e+00
3.454920775990997228e-01
5.047773392629374634e+00
2.548925634227366732e+00
-2.853680244871981131e-04
4.595797418748762908e+00
1.267814945731595699e+00
5.685112306419313200e-01
-1.360362815804805336e-02
2.473586668246587905e+00
1.013346222549884601e-01
9.604400432411360100e+00
2.354865545571271923e-01
4.377821831004830244e+00
4.577027361126866367e-01
6.141078255243730410e-01
5.307612565775361446e-01
3.485943464285391258e+00
5.941731896469821805e-01
9.158857528008432780e-01
9.285914233718273181e-03
2.786525474531931224e-01
8.431833519457931914e-02
3.519576790445810843e-01
1.064201137152256393e-01
5.859786364237962175e-01
6.700620588867326255e+00
-6.656908078536361018e-03
2.919418518997652257e+00
4.379545158276538785e-01
3.876218630345835692e-01
7.617380595230827112e-01
1.338677951599288818e+00
5.362321429838061704e-01
2.715198067759772016e-03
3.127430032278868399e+00
4.531213671162662493e+00
1.095040460554196571e+00
5.987970015317239714e+00
5.044494082408252922e+00
4.379530088277984845e+00
3.969953393831710642e+00
6.988634327365228494e-01
1.408731971964360952e-01
8.395267836065105627e-01
-6.996291766672158019e-03
1.263332915367252340e-01
2.514621555362168692e-01
4.440871853176986406e-03
7.877558864807312489e-01
5.631328607458859992e+00
6.478609833808992136e+00
2.043723469064511633e+00
8.588440001894070974e-03
2.017837619004581029e-02
3.426351699789091043e+00
4.676649976961424038e+00
1.915781547280719366e-01
3.519883549838720427e+00
1.465125010097878544e-03
2.464825999406095036e-01
5.918470207410386763e-02
3.446625412599475524e+00
1.843929474371885036e+00
8.410033996756386188e+00
-3.203398319778116843e-03
2.115456615879658386e-01
5.061674324952925019e-02
7.178554395643743646e-04
2.795826312382084566e+00
1.191499998728579257e+00
8.613041906263330105e-01
3.553286682779575045e-01
6.060958746424187638e-01
5.923888709539504305e-01
2.184382211965640863e-02
4.519276359037494473e+00
7.466283497602557162e-01
6.511006640030476689e-01
3.606218750161680475e+00
1.261735656281466333e-01
1.018711300616981674e+00
6.580689786365139682e+00
2.854497789855749090e+00
4.801959116325900112e-01
1.876020176393211614e-03
8.197413633706958080e-01
4.166638742048037969e+00
4.813834154830214374e-01
3.609633415363543207e+00
3.014629108320630024e-01
5.300169971361388122e-01
9.585137559907614957e-01
3.037027806516364947e+00
4.268589143142023090e-01
7.197776252292964472e-01
3.516766806707050108e-01
4.668745471079560616e-02
1.176880591528561837e-01
4.082519388938981919e+00
7.374993870692030384e-01
8.379701555714094141e-01
1.984025870564741112e+00
1.226835719996195451e-01
5.921721012309689947e+00
1.707459174139103197e-01
1.685507576747924396e-02
4.614336024273534065e+00
1.074212032310708054e+00
1.280897565917994196e+00
-4.875894588714402289e-03
-8.249552300442886121e-02
1.570097184329139584e+00
5.352661452378354667e+00
3.152160524630076566e-03
7.752109784480154531e-04
8.232355436571552332e-01
3.929552415872970883e+00
9.777468013822954163e-04
3.762700947462231937e-01
8.557884112008204980e-01
-1.824535549026329306e-02
6.405734112732357488e-01
1.019710356439423826e+01
7.316169310141695803e-02
3.978825105616641267e+00
1.419341824486846093e-01
1.583152046779741084e-01
-4.532343951154871320e-03
3.118658359584909334e-01
5.170233647499244967e-03
2.156460517207889005e+00
2.289048052173061620e-01
5.673601997964716759e-02
3.184418092165923753e-01
7.609281400048697463e-01
3.765402694641005965e+00
1.845328068631905349e+00
1.076945272894075600e+01
5.596170224167426710e+00
6.548735693042937456e+00
9.598798311687575691e+00
3.283149734866504410e+00
5.029472477876827163e+00
7.469828878125639449e-03
3.439974928042195401e+00
2.060296452396370270e+00
3.461821675464049619e-03
5.016953048388099745e-01
2.151888489290959328e+00
2.024451094700001619e-01
1.962473701675830018e+00
2.927140119769688908e-03
4.926586042193044079e-01
2.748145504256312321e+00
3.830221745056636706e-01
-1.030521030481068578e-03
4.314885320380623668e-02
4.069015114589387139e-01
3.422000179882527249e-01
6.161310523744711887e-02
2.025304326990049475e-01
4.042638958151911766e-02
4.017578964731747249e-01
3.069406425121231408e+00
4.175668034358430702e-01
4.145927545550556204e-01
8.686712129114564362e-01
4.035079110252155488e-01
7.402018954960176700e-01
5.713741470299176228e-01
5.428538873762107642e-01
2.689780378772555380e+00
2.977634370343551495e-02
3.435234124563947944e+00
1.352546444915736057e+00
2.417176259748523570e-01
2.034230933454317380e-02
6.216600809947054884e-01
1.245589502486588174e-02
5.483904198776832217e+00
1.053670103943381520e+01
2.223324896579281784e-01
4.609409149005310624e+00
4.437901800477206393e-03
2.266379931534787673e-01
4.487717648528732894e-01
5.958416746238439643e-01
1.632710925345433495e+00
1.723740867710590319e+00
2.136371943049028665e+00
9.137849988154123082e-02
3.866847171629252955e-01
6.832731679316292883e-01
3.397778653955541017e-02
4.755302066170461472e-01
6.098962812875472039e+00
9.350055530108978274e+00
6.870990715213132205e-01
7.284940179466277144e-01
-4.944788622951890034e-03
7.642426262430834782e-01
3.185610164626742069e+00
7.433581612600423938e-01
8.208898108318125608e-01
3.026641281469187206e+00
1.141748247764482471e-01
-4.358088796340808813e-03
9.216263352130962261e-01
6.210565399172327972e+00
8.174082496711520207e+00
9.824265333308979109e-02
5.682299268604209530e+00
2.972342487146306667e-02
1.290653503034775440e-01
7.849671419702275443e-03
5.909709678753181095e-01
5.434997582604372823e+00
4.382616923561305278e+00
6.650799857418014938e-01
1.613021771967448892e-02
5.701269819121890237e-03
2.946925204652437458e-01
5.443414200136587056e-02
6.389348808469481611e-01
-8.062812027850307928e-02
2.120274670827103414e+00
1.345925425751982374e+00
1.409798900033010227e-03
-6.074562002837335939e-02
-3.669279542110714942e-03
3.367874070381779106e+00
1.786949292268467104e-01
2.221553199024839387e-02
5.383084292984658958e-01
3.096887714533833602e-01
1.135173773695848709e+00
2.757931547633312164e-01
1.732738100763544509e+00
5.593831856706142247e+00
8.304758585317983943e-04
1.630861374909029493e-01
1.639091186069876471e-01
3.920110359990573556e+00
2.023808111023470246e+00
6.261375617073293043e+00
4.664967187260060655e-04
3.288385378075338039e+00
1.478265688849860648e+00
5.290595117178220619e-01
1.907165364438344390e+00
7.914834711091398134e+00
3.164236773880093168e+00
4.080390080890659021e-01
1.069644231179722738e-04
-5.094403390183188662e-03
5.884213456016507138e-01
2.551177289169190843e-01
2.616961351946859082e+00
4.480037614701528170e+00
2.209696237971670030e-02
5.125751651477444604e+00
4.970862484645017787e-01
-1.317737621850056939e-03
1.941556931226795513e-01
7.321624318327248915e+00
3.473591663754650227e+00
9.939818290949276047e-02
1.394384723186700370e+00
8.101890142194179134e-02
5.624633175526415840e+00
8.182177584175462925e-01
4.888353845329742597e-01
3.527039671489085038e-02
1.570424222532338376e-01
8.117146832566035641e-02
5.042888524962196861e-02
3.569423558942148134e+00
-5.473877431027673879e-02
2.810068042881574968e-02
5.570585137583536905e-01
2.121286964792084007e-01
-2.226280050001427924e-02
2.124311892283446745e+00
4.015047033263869025e+00
7.066430697953460793e+00
8.247868283020931557e-01
-6.384935557980142562e-03
1.512051709552295620e-01
1.906586635391851026e+00
1.611897145999137138e-01
1.298438556151637613e-02
2.743429887874698103e+00
1.678607438420467446e-01
1.573827766868381772e+00
1.128737332214946321e-01
1.052331405294802558e+01
-5.231170562884557285e-02
8.954125161376933484e-01
2.634982910088384145e+00
-4.651468961599292129e-03
2.184935678155994765e-01
1.375981539207966620e-01
3.995614184849447525e-01
4.268212436956950739e-01
4.193382299132721869e-01
4.471755116101761018e-03
2.121439120520882682e-01
2.318657271834606348e+00
8.581814583048359424e-01
5.353856002071585962e+00
3.580896116302611176e+00
6.633442164378777761e-03
2.460729132156380672e-02
3.840160148249690764e+00
2.976366524350867238e+00
1.733049425887095651e+00
3.713399013892360045e+00
4.725168299401272698e+00
5.351682389761425185e-01
3.935062797626975417e+00
2.479044472487708539e+00
-1.173170827700076302e-03
6.168210008932945243e+00
5.642075002087363345e-01
1.927669256010251075e+00
5.201734254529508661e-01
1.058731673315897126e+00
1.111100327027969570e-02
2.647250623469040498e+00
1.473255962807105135e-01
6.901261790320365463e-01
1.298624390067004697e-05
2.977780996989096707e-01
2.233726528683783741e+00
5.760209072076669656e-01
6.699428511833516175e-01
7.522530351605993815e-03
1.121874130186384377e-03
5.176052167351006261e-01
2.117072036093095022e-01
1.597669168753789837e+00
6.551331107006497234e-02
-4.184849997219908246e-03
1.295279410803461317e+00
2.838800773034249048e-01
-5.951553687914756807e-02
7.574854971261915537e+00
3.377971199577682881e-01
2.938607471920789749e+00
1.314725258940363517e-02
3.732512159828083043e-02
4.360830573878669014e-01
1.594552952966889592e+00
3.891107060252377181e+00
-6.505938223888563243e-03
1.117368165885247677e+00
8.884078308151702075e+00
4.286294455811387571e+00
8.520217205979314201e+00
6.717706822093336250e+00
3.044915001113803754e-01
6.681087680933979200e-01
1.413224897742537678e-01
2.432978281931710285e-01
6.099995223079801576e-03
1.496446274580298663e-01
3.369062152504076479e-02
6.823484642676676870e+00
9.863565200426194224e-03
4.030117274133305116e+00
-1.271632103625481847e-01
1.269736088664456641e+00
6.934777761919974637e-03
8.133792685121061794e+00
1.686396273612974728e+00
4.543132319203300185e-01
-4.024826996783303912e-03
6.223284918224872619e+00
4.258482498530078431e-01
3.503418505341642231e-01
7.149129489632310985e+00
1.241394344486431933e+00
4.420639313214351773e-01
1.244887064977701296e+00
4.121062453655226498e+00
1.031331942727986117e+00
8.544687695401540495e-01
5.622841413373748765e+00
2.286659990344031002e-01
2.447006222432461797e-01
7.779380127698940939e+00
1.558718014702673571e-01
6.651725381844997287e-03
4.526538831241939675e-01
1.978832982620237324e+00
2.698755653958073708e-02
-5.405451417406226255e-03
3.707716345706812966e-02
5.443371175097508896e-01
1.239369080106671461e+00
9.771656466037017097e+00
2.949909416971330245e-01
6.838725083867736032e-01
6.494914953536046198e-01
8.559865690091452706e-01
7.176564877052200586e-01
5.707543165241801830e-03
3.977711685768596794e-01
7.923429410613174184e-01
7.246847274999673516e+00
4.017218446218038252e-01
-9.522550734181578491e-02
8.153143613222795238e-01
1.052200560143464969e+00
1.040385464817425998e+00
-1.147482419742829052e-03
1.175746502283709916e+00
8.706490886018762865e-01
9.995411926783930312e-01
3.131896726693367050e+00
6.303980736985042022e-01
2.614532616670839360e-01
9.362562590729766043e-01
1.120177426608290006e+01
3.268334024927568748e+00
8.461653878587238609e-01
8.188630447618212571e-01
1.063826141945738257e+01
3.849886275563861204e+00
8.325718573656924804e+00
-9.560291776958718124e-02
2.999297696344882524e-03
9.377595286336437574e-01
1.020160355238411753e+00
4.218932152103143096e-01
3.648797052549515030e-01
8.103216564450718806e+00
1.089788170239955889e+00
7.587009334221420431e+00
9.137671720033129219e-01
1.750809534941417667e-01
3.281858077129271578e-01
6.621345419381068353e-01
1.228982654977190947e-01
8.352207350240300698e+00
2.980989355987251344e+00
4.131155195100433275e-03
2.390093695276664931e-01
4.371467326953671240e+00
1.946295013411667441e-01
7.377550652907692630e+00
1.473576959034663680e+00
9.106150326129309747e-01
1.485942664134769942e+00
2.392890891279471077e-01
1.181651081295598260e-02
7.232869489691040599e-03
1.672548625816645540e-01
1.862237919313590950e+00
8.490127620313003831e-02
4.502880877587564612e+00
4.209556843430995343e+00
3.463634460431226358e+00
9.870615095139534390e-01
8.526815100354117050e-01
2.354865545571271923e-01
2.670342820823190522e-01
5.313178342665144882e+00
5.214989672543079990e-01
-2.752091722358684933e-03
6.166585764515790657e-01
5.556511236102217310e-01
7.121866050944714033e+00
8.900353226270141249e-02
3.039150815147309004e-01
5.539169361957871018e+00
1.713222590402958545e+00
2.660635061435846271e+00
6.402262691962541830e+00
-7.134582136555245313e-02
5.161550659306985978e-01
2.940193430433524213e-02
1.105532091310951870e+00
9.913069091980688086e+00
6.416926194885812507e+00
6.773601917558744745e-01
1.480862035491140816e+00
2.837769618261253513e+00
1.110106843366336360e-01
8.271189344647211783e-03
2.678587434538620471e+00
2.487496613141360058e-02
6.645130401808430065e-01
9.665572669187287858e-01
4.981387672875392525e-01
-2.128634333672607681e-03
2.262386149290584569e+00
-4.758448231715561860e-03
2.687916723951966347e-01
4.397084620961653201e-01
2.958754695218587472e+00
6.552048755835446769e-01
6.354649855720159835e+00
5.201234784099284525e-03
9.473079894197628192e+00
6.667654223022623228e-04
2.150195565867285552e-02
9.590791549117192005e+00
5.281552274377432354e-03
5.559947122177137935e+00
1.535106670367962778e-01
3.155619064659438422e-01
5.021908068805522873e-01
3.853431275564034308e-03
8.178722497041784223e+00
8.377670504745093893e-01
4.850149192260395203e+00
6.653392094846370952e-01
8.443149500611237812e-01
8.188004761521771258e+00
8.464183825858334842e+00
9.428868331579369766e-01
4.457889391556335568e-03
1.594317607146486626e+00
3.885160345669475213e+00
1.533463896370384383e+00
1.056394700951869936e+00
6.759292929121656357e-01
7.819969028649271792e-01
1.856042324384248765e+00
1.116606211525663639e-01
4.685090601485110362e+00
1.583662921536976853e-02
8.292002809307211564e+00
5.477508842644986942e-01
6.167564370514549310e+00
5.594405203015019978e+00
3.440940797536189422e-01
-6.935175475673460710e-03
3.382487833097506780e+00
1.256099383361390931e+00
1.172178515451349767e-02
4.935510035836887077e+00
7.196428103443963664e-02
4.432802176636174707e-01
-5.103140092226521318e-02
4.470886603643460688e+00
7.288557193602613893e-01
1.207845614287156977e+00
9.071356460549447220e+00
3.264112063385837814e-03
6.472773538438314489e-01
5.122476498172545689e-02
2.178470877846000686e+00
2.916143047020582912e-01
3.433172096019918129e+00
6.492441021430650494e-03
7.669407436313946391e-03
5.207139760418099783e+00
7.688739279119616299e-03
6.926261841114111917e-03
-1.265659067209412569e-02
4.487717648528732894e-01
2.619701083361283267e-01
7.788110834696446716e-01
1.047877641804362270e-03
8.882763541673845964e+00
7.279391387508598044e-01
3.998274909561967405e-01
4.448198217167906421e+00
4.526214504798394600e+00
1.017564798185821573e+00
2.311244013516269291e-01
4.308826802190495187e-01
4.716531096075947005e+00
-1.182600928788826167e-01
5.044934122834590084e-01
1.281506839588071323e-01
7.149422355672996332e-01
4.861485679303437557e+00
2.707451591164407034e-01
4.656893158580288627e-02
4.321389762220134934e+00
-2.026827262735508839e-04
4.641436708066501993e+00
-3.300519959575254347e-03
4.715235925117426952e+00
-1.370976007624253867e-01
1.037146296201436169e+00
6.100708817970730280e-01
7.167340005124831492e-01
-5.850045993113894838e-03
1.239424294555955264e+00
7.394752949923288021e+00
1.857090695260055213e-01
1.526872791053028422e+00
2.892145578334428535e-01
-2.058191242762941187e-02
7.081440382024482005e-01
1.078002472137471024e+01
4.653450645008603281e+00
5.527089833951670528e-01
8.952725560746799260e-01
-4.782662266979542665e-03
4.318116725379645970e-01
4.734341624596378750e-01
2.902271986975462070e-01
3.468389817685533671e+00
7.556181550679196945e+00
3.096177976689098443e-01
8.581814583048359424e-01
-2.350750251609845520e-02
2.940511871841167135e-01
5.597339637457618977e-01
2.761159843172908523e+00
8.982356283461800928e-01
1.656133621301911774e-01
5.453412716500636748e+00
7.570258706894152922e-01
4.838879026853035725e-01
5.767285380556383956e-01
1.501612308331247370e+00
5.261051163629080207e-01
7.495793239878361547e+00
1.386388292580903681e+00
6.549561505511446668e+00
-2.804984002032995249e-03
3.364766993443311094e-01
-1.218956789267977570e-03
3.754643838658910937e-01
8.141855252954979250e-01
1.864907559081530053e-03
1.667302686428535186e+00
5.848173707403310218e+00
1.229617384328740570e-02
9.382870696420528844e-01
4.392822327457164278e-01
6.965632241790054024e-01
8.098041780260469835e-01
-2.213094271606230734e-02
3.870196884359062395e+00
5.292359592214523900e-03
5.317367172244402695e-03
9.719014070156921647e-01
-4.552526180627936014e-02
5.015228483749760713e-01
6.542873466969138185e+00
3.918286183471053619e-01
3.326535544090951646e-01
5.747221753033952218e+00
3.365534186001610806e-01
3.235166065394089685e+00
3.070902552047556355e-01
1.945225171162690003e-04
3.805190082103866445e-01
5.439826541828107764e-01
4.148015617486330520e+00
1.932321320998156011e-01
4.457279449579143460e-01
2.220958644808215254e+00
4.640939893820865692e+00
1.203892966080175597e-01
1.088013378753949212e-02
1.973387949769112026e-02
1.801626086795534931e+00
1.149108611742271968e+01
1.404966063733290582e-01
6.776698228371510702e+00
7.570550829261723180e+00
2.541181009343773667e-02
6.868582532276850117e-01
2.114527047604539245e+00
9.210458201861092320e+00
5.272464449843639045e-03
1.769507930478120272e-01
8.794702710853693262e+00
1.978357388587603793e-02
5.542348451851353275e-01
2.079845948407470502e-01
4.360029003518128832e-01
5.157997386879671353e-01
5.069836061038124342e-02
3.784277789257828317e-03
3.751556674357559018e-03
1.202292002920657410e-02
1.148613293121197643e+00
1.318827932768657618e+00
5.676538487350253348e-01
6.757959677150537914e-03
6.940154044709601067e-03
3.549301240782174460e-01
3.622864497673727868e-01
3.066450154624235758e+00
2.714596500551227365e-01
1.797370675843044552e+00
-6.977833938664801394e-03
2.864656732176570131e+00
-5.665674336125192667e-03
-4.688131268094863913e-03
-1.013694363442496638e-02
4.794277482029691839e-01
2.270056317748014862e-04
1.814402343530945982e+00
2.367279474578781517e+00
5.372322608106674835e+00
9.454376149161832998e+00
4.333734456178014227e+00
2.341092976519298929e-02
8.527587001006615708e+00
2.800518950946830898e-01
3.125989115053311451e-01
4.546932079309788932e+00
6.684537161986803255e-02
2.583535154824154745e-01
3.524036855012526281e+00
4.962103934382657400e+00
1.529513261251549849e+00
1.165180305328430421e-01
8.056297881639647329e+00
7.447883892803135453e+00
-1.209906532402271750e-03
2.623412397220938885e+00
3.866847171629252955e-01
-2.010290796206959385e-03
5.506045808242097550e+00
7.510736799965651578e+00
4.084182269410767674e-01
5.749814027330764077e-01
3.189963543205180940e-01
6.213405859206512005e+00
6.033574223760496125e-03
5.114407758139218885e+00
1.967700434176933300e-02
2.157217391163435138e-01
9.031875482706581693e-01
6.779987259783126774e-03
1.124950372422221179e+00
2.867443515915173435e-01
7.054643280189162979e+00
6.052438497077575086e+00
4.394982909828932804e-01
1.029482907758350052e-02
1.334741262734695511e-03
9.825633829440519662e+00
2.228020880834660211e+00
2.946936693614965463e-02
4.077285579363696399e-01
-3.957851110139998241e-02
1.611730724203024323e-01
8.290725585395671615e+00
-9.104979812209368362e-03
1.807684808390650488e-01
6.435480893585078022e+00
1.097407450772848403e+00
6.613473459295526879e-01
5.362655030655449906e-01
5.159044911428017244e+00
-1.690217688199879831e-03
3.187636321998192468e+00
4.435923301219338200e+00
-2.758323833186082652e-03
8.488426025805395625e-01
-3.650013128570606113e-03
5.434030575187218659e-01
1.111503596969598107e+00
7.665010235203393307e-01
4.936662273134050594e+00
6.469414387820604517e-01
3.937929807559363837e-01
4.620303194160761961e-01
4.186764281699101531e+00
2.775527557845363091e+00
5.558339139442960430e-01
2.632626686816864847e+00
4.262911449115259543e+00
2.657633274326830719e+00
3.113289685908586790e-01
9.630671594321754014e+00
1.020160355238411753e+00
4.450306577935894126e-01
-1.354979069731143682e-03
2.027889412963368443e-02
-8.691817760464459752e-05
3.169809264448764097e-02
8.576873460182259379e-01
4.735146488042216717e+00
1.238819556300911895e+00
9.248136656112109222e-01
6.015107752050177226e-01
1.397297219295227322e+00
3.407167836214544110e-01
3.315731984354641781e-04
7.838600374387993952e-03
2.337607917419788350e-01
7.621589988607723853e+00
7.731320136772072971e-01
1.834560145976009693e-01
6.603511216914021986e-01
1.565751069820045416e+00
9.425535606561989965e-01
3.093529649533444115e-02
4.225793911240921297e+00
6.331141422225154969e-01
8.932766133823669463e+00
3.629270770761335640e+00
1.268130332021755180e-02
3.429888695901812667e-01
1.279678294290675922e-02
6.137907656140443535e+00
2.156160884021733892e+00
2.666520501385463149e-01
4.459034654644256079e-03
5.044482876717317765e-01
5.710403713412851801e+00
7.872518143168054650e+00
8.743364870993097782e+00
4.556488737399973843e+00
-8.265501552369158844e-04
1.169644694053568301e+00
1.065429813870920839e+00
6.609002909997148123e-01
2.708504439719163770e-01
3.603067286152406012e-01
-6.002525036818084914e-03
1.007170546160731206e+00
2.873716225616538722e+00
6.678205518777957650e-03
3.618556393596069842e+00
3.542961130792168234e-01
1.035834267747963722e+00
2.352092614504272206e+00
-4.074344301552734748e-02
6.616881876636782067e-03
7.950087081262458000e+00
4.337888265947436039e+00
1.087568639230518386e-02
4.857196148783771150e-01
2.326505278743260519e-01
3.334253699742790289e+00
1.200090818419337069e-01
6.902062531634971521e-01
9.897394005968838115e-01
8.151622973070953293e-01
6.558116306762276082e-01
-2.959684568355669398e-02
-2.822427900104784726e-03
1.498048269345305439e+00
4.007479620407377041e-01
5.304420496323860590e-01
-6.380832113576073716e-02
1.111994642988992865e+00
3.905684802892999130e-01
6.052331453648609916e+00
3.786356256419317390e+00
-1.032203639643824999e-02
4.465925859049590940e-03
6.816219258549789828e+00
5.613318879363724534e-01
5.760209072076669656e-01
3.972507231232543568e+00
3.422504673956265009e+00
2.780689880886715315e-01
-5.008765925751390569e-03
5.523998872573997687e+00
1.200179182992936244e+00
1.961269858392711285e-02
7.994088437903155153e-01
1.005489112365873083e+01
9.400431272675877636e-01
1.108222464340787283e+01
1.395291914306397985e-01
2.830328402568960122e+00
1.717154564216008872e+00
4.868683908281798978e-01
3.033362383520179062e+00
3.288368035297040137e-01
2.274701392660596344e+00
3.946429473451503966e+00
9.596191318234374990e-01
8.650879259802941590e-01
7.006415762397047331e+00
1.899149420801188981e+00
5.841622108647470668e-03
2.898801905058018935e+00
1.874179744729680408e-01
4.138090832724236279e+00
7.125871991290111396e-03
6.634260287515143517e-01
-6.933379836539521612e-02
6.553582873544012699e-01
4.665158450689297354e-01
5.473103689600836930e+00
5.987575774007938278e-01
-4.352658624801719611e-02
6.677251049683565753e-01
6.512895211962834274e+00
1.705916364077033620e-01
5.822169968359602876e-03
7.404028063051519837e-01
1.379294293482542288e+00
2.393974100617917600e+00
5.019543051399475431e+00
1.150039072851383182e+00
5.444189847054626163e+00
3.324815030534198357e-01
1.006598980684049849e+00
1.328003281477130315e-02
2.667625849203538735e-01
1.669256051271412744e+00
4.166169610856922390e-01
1.605972429255830392e+00
4.851402633318668833e-02
2.342766543588665762e-01
-7.007122617892491689e-04
7.602008765687653380e-01
-6.744760485807077544e-03
9.457818713505687924e-01
3.395319435611749981e-01
1.786949292268467104e-01
-5.601045319197694994e-03
5.553135351404474562e-01
1.033178046146563211e+01
6.240358587779422095e-01
-5.085527046269078255e-04
5.877617481173599501e+00
5.090769842306368531e-01
