3.035076981697044096e-01
-1.364129507583689671e+00
2.052969744954320497e-01
2.730611399176493537e-01
-5.360445662513916298e-01
-2.815792741299899538e-01
2.556920193752773574e-01
-2.175613685447383427e-01
-1.896581822576338949e-01
-2.595704935212376219e-01
1.774129016154654570e+00
-2.810599072171308110e-01
-7.667038970864183123e-02
7.802538694158167587e-01
8.347335455707517726e-02
2.396320493794800444e-01
1.865993003500845182e+00
7.372994970080878896e-02
-1.158195208929835573e-01
1.884222595363567732e-01
1.695272568392142964e-01
2.532926010667854166e-01
2.494528523477856641e-01
-6.957507805292095782e-01
2.571956780059032610e-01
-1.709006246292207321e-01
-1.513333729252995141e+00
2.617173375318813666e-01
3.733321735699675625e-01
-2.714219958532287369e-01
-2.576232480310071682e-01
-2.936752884598433644e-01
-2.300586465134318637e+00
-5.905386284949281500e-02
-4.115956855914545964e-01
-2.495086744156420344e-01
-2.485759240899514666e-01
2.385768406249373363e+00
-2.246894683599291176e-01
-3.429966409547606787e-01
-2.738146243536334623e-01
2.660154685026367427e-01
3.066951003518615937e-01
3.505581826066049844e-01
2.326128222415811131e-01
-2.726759881159588783e+00
2.264016912812363835e-01
-2.909193708671588552e-01
-1.427676961875348205e-01
1.032807065026519089e+00
-3.958002309446646549e-01
2.435681459016687533e+00
-2.474225024507589188e-01
-2.615688255156266573e-01
-4.440780986500700300e-01
6.129169911586095365e-01
-7.524650155443138311e-02
-3.268147866717825423e-01
2.983798676293946350e+00
2.184855168766143552e-01
2.776310317823688645e-01
-1.786555609899317942e-01
-8.737658118535290841e-02
-3.019617302958932936e-01
-4.722918571349364603e-02
-1.537890583606147110e-01
-2.721171983620031543e-01
2.418285943198099641e-01
1.213411556041802536e-01
-1.757522381027281089e-01
-2.668481259614851053e-01
-2.613020387125899902e+00
-6.744597128998366387e-01
-4.749734989893297232e-01
3.391758051251363981e-01
-2.625323683832015975e-01
-1.606686331478691110e-01
3.976188193770072044e+00
2.078982229959838612e+00
2.075864097853732382e-01
1.055413893405594550e-01
1.053054012896433300e-01
2.935405243655373475e-01
2.393473133545590270e-01
1.223892053732478935e+01
2.312933631187554517e-01
-2.571064649975379757e-01
-2.536429954049592705e-01
-1.128536541608374071e-02
5.963939888067124606e-01
-2.677296202815962478e-01
2.783260569204438206e-01
2.559290094920669834e-01
-2.770133915958265525e-01
3.176390695681780563e-01
1.508912502404528289e-01
-2.876898571865946774e-01
9.642534768487036612e-01
2.604066298102399868e-01
2.631129310178489944e-01
