2.638221356879874580e-01
-2.803478301495427316e-01
-3.652417935118787984e-01
-2.921221574563487855e-01
2.085023666739553305e-01
-2.872029267004347908e-01
-3.470045923174639446e-01
-2.813646179473970887e-01
9.127938011769578530e-01
2.757169042592637065e-01
-2.678099942948180545e-01
1.853046718042266061e-01
1.929807231223840125e-01
3.211794738324538212e-01
2.721123134928480347e-01
-2.546934871433189640e-01
2.780782385841618076e-01
2.144004150228339678e-01
2.011269291696453354e-01
-3.269267984187571585e-01
2.649354614372386174e-01
-1.662732111272041680e-01
-2.431938121255353413e-01
-2.685500433723727598e-01
-2.654071549281034614e-01
-1.636497408351065941e+00
2.603721035779483772e-01
-2.648346469291339433e-01
1.089130926161886892e+00
2.712880152010135881e-01
-4.075338665734242305e+00
-2.843878736716343725e-01
-2.654814510394985505e-01
-2.716033937279259125e-01
-8.392420046574030623e-01
7.912309209604366511e-02
-7.365168030021203016e-01
-2.168479852716659884e-01
-2.999980464024958327e-01
-2.359528166866042831e+00
3.096444573969515113e-01
-1.949108447966682700e+00
-2.732251897730486601e-01
2.996702930802406795e-01
-2.627630801456897203e-01
2.199746434110782800e-01
1.318862088405020616e+00
2.794682972596974069e-01
2.775857662743808074e-01
2.436634497820583112e-01
2.632678540354355667e-01
4.000176877407530807e-01
-1.554861293755808171e-01
1.295898542007071663e+00
2.664342706641736891e-01
1.682284059677164878e-01
1.979026881663767501e+00
-2.742615769943356763e-01
-2.070873507324326290e+00
3.404379492961821629e+00
2.672422336218606143e-01
-2.750253242261926911e-01
-2.639265144122276752e+00
7.104462776840545501e-01
1.311025797092454093e-01
1.236339086702658713e-01
2.843613704003530307e-01
2.078072773941739004e-01
-2.123337223788540340e-01
-3.392344922243867855e-01
4.732804894761671877e-01
1.191829866134702698e+01
2.609318607114071153e-01
-3.058113504553012785e-01
2.491854902053736165e-01
-2.688006323310386247e-01
-2.505586947553809507e-01
-2.397441805047395291e-01
1.807828336549849590e-01
3.147165567811433529e-01
2.850127237899203081e+00
1.533041106523457042e+00
2.444988736236847204e-01
4.760889384269647806e+00
-2.242102888784505421e-01
-8.545736999143499490e-01
4.447306355805272782e-01
-1.076027054522667559e+00
-2.304003917480645924e-01
-2.067283896629159123e+00
1.674105566203056006e-01
2.859011040999210329e-01
3.251946513737983824e-01
-2.460773148774156663e-02
2.787173863135046781e-01
1.703846578171457904e-01
-2.735196060833426923e-01
-2.342505459135592605e-01
-2.058802101217571678e+00
-2.501815571187939735e-01
