2.628501320805324837e-01
-2.786656972908801433e-01
-3.745295108965687736e-01
-2.970264620473291317e-01
2.096980620830338204e-01
-2.925190422622803155e-01
-3.706569468322592487e-01
-2.796219850286967845e-01
9.441200046277569147e-01
2.741224792415739020e-01
-2.675112266389798044e-01
1.870916969717216494e-01
1.945441707985686997e-01
3.333773312124162502e-01
2.709276554494124967e-01
-2.541458131684989352e-01
2.765639639437533215e-01
2.153109321545176036e-01
2.025065888047807849e-01
-3.413485546662331505e-01
2.639695960412473674e-01
-1.685787556301484857e-01
-2.431912894437950612e-01
-2.673577696075314925e-01
-2.643534760456949240e-01
-1.663021107624804706e+00
2.652693484590668560e-01
-2.638271084176992964e-01
1.127795608927711468e+00
2.699515143415011087e-01
-3.958471126104224691e+00
-2.826812214523265476e-01
-2.696983662057296227e-01
-2.719498097609827636e-01
-8.682399617042392270e-01
8.235175070776283579e-02
-7.656141971465956209e-01
-2.176489466095954672e-01
-3.081067986076115872e-01
-2.400838129677021371e+00
3.197803298834457908e-01
-1.989947124272085865e+00
-2.758340519410386604e-01
3.080946769821844011e-01
-2.659054942983469783e-01
2.207067455952992918e-01
1.378909434937368506e+00
2.778790693422771851e-01
2.760099553314825371e-01
2.435854525630433975e-01
2.623130249490134291e-01
4.254497154316085328e-01
-1.579273203380917312e-01
1.306871873818358232e+00
2.662717815857068571e-01
1.704112559237061786e-01
2.027874927522696158e+00
-2.736828242188745763e-01
-2.102800653997800140e+00
3.410341104585489891e+00
2.692099200679149429e-01
-2.734733137245491941e-01
-2.663942578204550937e+00
7.992557326788111149e-01
1.338885894065099114e-01
1.265187539258460780e-01
2.826904385102259609e-01
2.089182259475749204e-01
-2.133190250068028870e-01
-3.532775882531097311e-01
5.095199609838682031e-01
1.225981317722555097e+01
2.600653706903260365e-01
-3.101336709904088940e-01
2.489022480883783250e-01
-2.675168456254745086e-01
-2.502319575967882903e-01
-2.397962237970827082e-01
1.827412124823588890e-01
3.277259400318990323e-01
2.973597014717823672e+00
1.601327846897628193e+00
2.442827338118527536e-01
4.773728730118174113e+00
-2.248124872013182729e-01
-9.306762353533067911e-01
5.185578916494311130e-01
-1.112833688163432866e+00
-2.307639350922494337e-01
-2.143295885277368917e+00
1.696984268183417688e-01
2.884764016506373707e-01
3.382435898902227400e-01
-2.634821965190268719e-02
2.770271651517395850e-01
1.726110625721416492e-01
-2.721043080735982000e-01
-2.346088202325059546e-01
-2.098908737718201856e+00
-2.498246912336932191e-01
