2.602182245597468579e-01
-2.751835547194707576e-01
-3.809873400021340228e-01
-3.002848808510101830e-01
2.091657718507215769e-01
-2.970989699206993961e-01
-3.974066268936486401e-01
-2.759839632924313002e-01
9.665404883756765209e-01
2.707161509881029215e-01
-2.658019605689751486e-01
1.872330837383377466e-01
1.944197527293490546e-01
3.439147431440012226e-01
2.681711496377685022e-01
-2.519243390047167797e-01
2.731832274234052838e-01
2.145054937230450876e-01
2.021681764802195080e-01
-3.535782586380695758e-01
2.613945824136471030e-01
-1.692179788131553675e-01
-2.415123060105207886e-01
-2.644978316759732939e-01
-2.616100011543904258e-01
-1.685217367107425090e+00
2.688986780285609335e-01
-2.611870827893634228e-01
1.156227695234561592e+00
2.670069529752828186e-01
-3.843314606891292673e+00
-2.790313174290682263e-01
-2.729852541636085816e-01
-2.710973319514984325e-01
-8.886348998620927642e-01
8.400327512293934151e-02
-7.919941396438572312e-01
-2.167436214840013642e-01
-3.139539957769297840e-01
-2.432523294496980792e+00
3.288998864454227844e-01
-2.025068605182948733e+00
-2.771325033084224287e-01
3.171187089395743897e-01
-2.675959544739224261e-01
2.197275384501823636e-01
1.425785135766747702e+00
2.744248208748541473e-01
2.727282408476208730e-01
2.418477721518344781e-01
2.596744573282349089e-01
4.437233892037680261e-01
-1.587296409308696088e-01
1.300920291685356389e+00
2.647304920285266094e-01
1.709465786529777986e-01
2.062820647110470862e+00
-2.711519116431720389e-01
-2.123007545269896212e+00
3.415492646787499087e+00
2.694667858201572619e-01
-2.701730237752558161e-01
-2.691639923381512478e+00
8.722737590255197349e-01
1.350483779299819498e-01
1.277610161839917713e-01
2.791953386879075238e-01
2.083057058385016369e-01
-2.126145937167814581e-01
-3.656670455089617300e-01
5.362029624580603171e-01
1.252179488041899447e+01
2.575730453107158424e-01
-3.123592098134092554e-01
2.469705109305545265e-01
-2.644162586717705987e-01
-2.482873741110667998e-01
-2.381693613882380767e-01
1.830237088137626200e-01
3.433369734086725855e-01
3.086750468987986995e+00
1.649968146972953909e+00
2.423685565481599191e-01
4.764074663201378179e+00
-2.236964881011270778e-01
-9.726827997601266151e-01
5.976465817108429501e-01
-1.139474185807805018e+00
-2.294127900474080550e-01
-2.206709399435156538e+00
1.703272048224108992e-01
2.901525394302577610e-01
3.543095357537255907e-01
-2.741019123051050346e-02
2.736461610008242840e-01
1.731678931558436607e-01
-2.690218783778575706e-01
-2.332530281224245994e-01
-2.130666578525487687e+00
-2.478609193491669860e-01
