2.641138590986121804e-01
-2.804450472059600852e-01
-3.690364999500778675e-01
-2.945413741525013673e-01
2.094703329599333641e-01
-2.894898336133538419e-01
-3.549577009133640937e-01
-2.814631453321903565e-01
9.250813763532574896e-01
2.758398284642081255e-01
-2.683046204935097823e-01
1.864423953359941322e-01
1.940545501878710166e-01
3.261352404990546239e-01
2.723350025804202601e-01
-2.551168608158893569e-01
2.782418638053630322e-01
2.152737308281897355e-01
2.021499156282367538e-01
-3.326540840477609229e-01
2.652252680234616355e-01
-1.675731160466585323e-01
-2.437830654087802251e-01
-2.687770347869752330e-01
-2.656786221847947105e-01
-1.646193119858651022e+00
2.624398494581520191e-01
-2.651160443351801566e-01
1.104147101617395155e+00
2.714720208890405440e-01
-4.038779322934215266e+00
-2.845117219947434495e-01
-2.672596790140061018e-01
-2.722734686374387869e-01
-8.499847281789248976e-01
8.063705889649450120e-02
-7.464777415156154117e-01
-2.176895496075125780e-01
-3.036426057915906362e-01
-2.375050389363050574e+00
3.138073263515376299e-01
-1.963671782652078424e+00
-2.746233896496696469e-01
3.029278342651181011e-01
-2.643330325489872124e-01
2.207917820615610538e-01
1.342175964821799017e+00
2.796145914273158173e-01
2.777035955519109311e-01
2.442280296893321323e-01
2.635675636701927393e-01
4.100377127337081484e-01
-1.568233853582187698e-01
1.302752187308451548e+00
2.669599904263569301e-01
1.694905329767401603e-01
1.996735408058613714e+00
-2.747157248076441127e-01
-2.083289068515460585e+00
3.405887872676656603e+00
2.684739876471191611e-01
-2.751534623074616270e-01
-2.645115513343721858e+00
7.441907989419764835e-01
1.325354065465776388e-01
1.250977929877974681e-01
2.844688874527211975e-01
2.087448786988678473e-01
-2.132269727714612428e-01
-3.447064607682896464e-01
4.875549877020258771e-01
1.204193078574990849e+01
2.612590208132224978e-01
-3.080757745032535744e-01
2.496880670341788955e-01
-2.690147565007189323e-01
-2.510453172892785911e-01
-2.403507714399192585e-01
1.819748657298448924e-01
3.192053277702569525e-01
2.893124037781685143e+00
1.558143973204014099e+00
2.450264079854110877e-01
4.769200939424840691e+00
-2.249918915131746688e-01
-8.869957854963532728e-01
4.698285753465176184e-01
-1.090404017477676346e+00
-2.311049177179391179e-01
-2.095770010097055547e+00
1.687050698538721805e-01
2.871773986867195982e-01
3.298102932277328092e-01
-2.536458770333576557e-02
2.788002198875786375e-01
1.716608645626362117e-01
-2.736767868099261869e-01
-2.349576843500029433e-01
-2.073682560084431969e+00
-2.506552791514350953e-01
