2.611955839830523707e-01
-2.778920519313601845e-01
-3.546581284174725179e-01
-2.857188141337125287e-01
2.048101055555793526e-01
-2.811505678973921230e-01
-3.312903478796132006e-01
-2.788764002522031715e-01
8.816377509344275332e-01
2.732547206229750669e-01
-2.651883134106201578e-01
1.814226006286293047e-01
1.891866760235836886e-01
3.090793327050886385e-01
2.695788998755742627e-01
-2.518688623230623813e-01
2.755364166778538348e-01
2.108888300357932011e-01
1.973701431890034774e-01
-3.132560588160945292e-01
2.623148926552144045e-01
-1.621620378745035895e-01
-2.401018338155712639e-01
-2.659926337244275518e-01
-2.627983069160516050e-01
-1.615595294953269478e+00
2.555379490367488682e-01
-2.622030588319949618e-01
1.051949824126122701e+00
2.687907278462522420e-01
-4.137058857038490522e+00
-2.818020512608137018e-01
-2.616288364182001724e-01
-2.689159362911375251e-01
-8.155681559812280046e-01
7.496125099906436606e-02
-7.178717428417464852e-01
-2.134036096523437842e-01
-2.907184345313871265e-01
-2.321300112111114533e+00
2.994034661326852031e-01
-1.916914101368058398e+00
-2.692829149317235715e-01
2.920082269892878557e-01
-2.583262432385854956e-01
2.165393671921907182e-01
1.262444668933882852e+00
2.769470295732283094e-01
2.751473751213980301e-01
2.405990208485895010e-01
2.606207767661563590e-01
3.769926212512288433e-01
-1.513438007130547824e-01
1.264790627289480662e+00
2.638001903925268898e-01
1.641853632836400290e-01
1.937269033249848560e+00
-2.713378661268439074e-01
-2.039763207790850075e+00
3.408077314749470954e+00
2.631222254928383131e-01
-2.725939306166196840e-01
-2.638357695195680641e+00
6.332375122834638104e-01
1.268633888780899832e-01
1.193683305334554828e-01
2.818370696284460131e-01
2.041839979522556969e-01
-2.087681823291385741e-01
-3.264358628466651480e-01
4.397957603013600836e-01
1.162819988293936468e+01
2.582301088359998387e-01
-2.996952043694837697e-01
2.462182020599474885e-01
-2.663002917340537845e-01
-2.476257287933791573e-01
-2.366207485389569820e-01
1.768285156907354883e-01
3.054123606052372986e-01
2.761531391991704165e+00
1.466106807217243624e+00
2.415154976214793636e-01
4.719861698844754372e+00
-2.208177667550827450e-01
-7.776762974344066937e-01
3.971048786044986678e-01
-1.040156772099362747e+00
-2.271357674259914805e-01
-2.000887308588667590e+00
1.632970168027297608e-01
2.829042256918527509e-01
3.153657680259616680e-01
-2.267589091450108660e-02
2.763116415900199185e-01
1.662846759374784489e-01
-2.710561249704723785e-01
-2.309546531154401117e-01
-2.022035398686618191e+00
-2.472606613136512643e-01
