2.618401357788814332e-01
-2.774615778957941203e-01
-3.768989150190080739e-01
-2.979010233902754101e-01
2.093848238046328858e-01
-2.937791374477214390e-01
-3.791662705502839015e-01
-2.783871082803936470e-01
9.529760836244889344e-01
2.729331396738173265e-01
-2.669429016888420492e-01
1.870038566154841597e-01
1.943695809242310946e-01
3.366099516308134754e-01
2.698661643274736788e-01
-2.532754649696096760e-01
2.754315243511769040e-01
2.149085083386284012e-01
2.022602446326156322e-01
-3.451782209145982661e-01
2.629696880206131016e-01
-1.686628724327593198e-01
-2.424852062260240138e-01
-2.662859485388093805e-01
-2.633243635026213392e-01
-1.671307495007740229e+00
2.664702371830232064e-01
-2.628133417017168294e-01
1.138784806998928145e+00
2.688378029971220107e-01
-3.919156374577722701e+00
-2.814757666194186436e-01
-2.708186806403004576e-01
-2.716941320002950189e-01
-8.773957145485603570e-01
8.283641476124901926e-02
-7.751382465094405205e-01
-2.172187660186260805e-01
-3.098381076544481361e-01
-2.412919697895660853e+00
3.225192917040504703e-01
-2.000723099599387211e+00
-2.762915559143303557e-01
3.106383905587691285e-01
-2.664201403187956840e-01
2.202447442698579061e-01
1.396235264645191432e+00
2.767283321056970280e-01
2.748177050724109338e-01
2.428610486729796403e-01
2.613069612995675972e-01
4.320710711781683977e-01
-1.580696445017868434e-01
1.305400260601528251e+00
2.657507556167816865e-01
1.704605645089782018e-01
2.041727942087462111e+00
-2.728177833067449987e-01
-2.111742265869619661e+00
3.412069952227597014e+00
2.692320434346733848e-01
-2.722939051426899182e-01
-2.673408894067612174e+00
8.237127668487314036e-01
1.341626897000725571e-01
1.268261117866102405e-01
2.815034288522156314e-01
2.085805555291770363e-01
-2.129425569020392817e-01
-3.571463872714212284e-01
5.190378526346027810e-01
1.235375562650547643e+01
2.590911261421441347e-01
-3.107054807176624078e-01
2.481065576002989270e-01
-2.664271648595898379e-01
-2.494328930049715953e-01
-2.391088163924925958e-01
1.827055411912315297e-01
3.326590637884489499e-01
3.010981717978154837e+00
1.618792033479498738e+00
2.435119319124236514e-01
4.771606504493688838e+00
-2.243051444912138315e-01
-9.460436023795459892e-01
5.436870531829327557e-01
-1.123277767659396353e+00
-2.301771043638523584e-01
-2.166004953118602749e+00
1.697753269812078414e-01
2.891512556567621406e-01
3.428626413581304933e-01
-2.668129821908798299e-02
2.758131851606243079e-01
1.726677555956419308e-01
-2.709656892584899057e-01
-2.340158707477009437e-01
-2.111145748254562360e+00
-2.490198393251531472e-01
