2.629664776213102018e-01
-2.795868593030560456e-01
-3.606164276599511664e-01
-2.891794415770859716e-01
2.070446678085959280e-01
-2.845555528946856483e-01
-3.390697066210729416e-01
-2.805919502664220855e-01
8.984086502466711588e-01
2.749494728260675758e-01
-2.668161193346469395e-01
1.837110057387531525e-01
1.914444191497893799e-01
3.154838682169072150e-01
2.713125231924977676e-01
-2.537259591283773652e-01
2.772480606147341708e-01
2.130354134146944522e-01
1.996240868516804823e-01
-3.204680808892709787e-01
2.640871384829737156e-01
-1.645405979917030082e-01
-2.420823273349549387e-01
-2.677363805896861293e-01
-2.645591248539156393e-01
-1.626286546106515019e+00
2.581080556869074227e-01
-2.639824903795222055e-01
1.071893353881689048e+00
2.705173230151812769e-01
-4.106072241406583778e+00
-2.835605946494291763e-01
-2.636719610922497736e-01
-2.705103715597139691e-01
-8.278991281340805086e-01
7.728060990899383864e-02
-7.274546663362807530e-01
-2.155186413221935049e-01
-2.956831948626018614e-01
-2.342006779488607027e+00
3.048371232939104392e-01
-1.934172828947368528e+00
-2.714820535364375620e-01
2.961638154087486985e-01
-2.608197051322877491e-01
2.186582069151997154e-01
1.292194342065554613e+00
2.786526977123517379e-01
2.768446888627603686e-01
2.425679315987041840e-01
2.624015254689325838e-01
3.891479365854633721e-01
-1.537294702792922074e-01
1.284643424010227353e+00
2.654278104189293219e-01
1.665352784657366525e-01
1.958949404031060881e+00
-2.731900733987344121e-01
-2.056439383185743708e+00
3.406131666167601324e+00
2.655304087447897254e-01
-2.742748501848141229e-01
-2.636873218611238912e+00
6.727339980039186429e-01
1.292733508168767143e-01
1.217855662647415876e-01
2.835675341525384918e-01
2.063821930286853790e-01
-2.109459576525141711e-01
-3.331517449802298692e-01
4.575747485564423678e-01
1.178048619279928211e+01
2.600469094777193568e-01
-3.030237278110856081e-01
2.481508307954695403e-01
-2.679885280330118191e-01
-2.495363490831125353e-01
-2.386149412924749302e-01
1.791432608934803716e-01
3.101183862328794061e-01
2.807005010834655589e+00
1.501871536297836096e+00
2.434428064587202123e-01
4.744964327136283799e+00
-2.229239481227029418e-01
-8.167322302645502186e-01
4.200788435812353172e-01
-1.059460877570999049e+00
-2.291852511562880168e-01
-2.035747355361921862e+00
1.656808012229347704e-01
2.845194715653174278e-01
3.205317947776334941e-01
-2.372789161094347038e-02
2.779970034915568156e-01
1.686640377064041185e-01
-2.727574853785731945e-01
-2.330282689899329518e-01
-2.041801342628358551e+00
-2.491680992471551892e-01
