2.636637451577816260e-01
-2.797534153656165423e-01
-3.720605475080989155e-01
-2.960274301173268507e-01
2.097404010439131161e-01
-2.911371654813496024e-01
-3.627835523017485242e-01
-2.807522246673772037e-01
9.351410526042502891e-01
2.751795736968364325e-01
-2.680981966952972195e-01
1.869092937467881355e-01
1.944481210011024253e-01
3.300225676378822914e-01
2.718119455191866374e-01
-2.548075249017109356e-01
2.776084057398463534e-01
2.154497658770538893e-01
2.024819206627009593e-01
-3.372919870636207906e-01
2.647765636612735562e-01
-1.682169754563436759e-01
-2.436555129361629435e-01
-2.682518958958456934e-01
-2.652008183995985258e-01
-1.654906870770449290e+00
2.640242845408282135e-01
-2.646524087962343064e-01
1.116645206069215135e+00
2.708973652452159042e-01
-3.998924282486860715e+00
-2.838113274795241447e-01
-2.686483586185602346e-01
-2.722992894283051135e-01
-8.593618476701468945e-01
8.162154333971992359e-02
-7.556732097074859711e-01
-2.178289276328112534e-01
-3.061693936992544995e-01
-2.388641110940504575e+00
3.170051086884141944e-01
-1.977176431638008047e+00
-2.754234855750268829e-01
3.055723715501040272e-01
-2.652999849530960907e-01
2.209076625869620392e-01
1.361537493445144742e+00
2.789565803594045157e-01
2.770496715368140350e-01
2.440737195965340667e-01
2.631231468828277298e-01
4.184210001913648558e-01
-1.575129138865717648e-01
1.305825925920247821e+00
2.668019368439726868e-01
1.700920811521560716e-01
2.013090193960776375e+00
-2.744114048446593679e-01
-2.093764604451905154e+00
3.408382679207594634e+00
2.690349699298965613e-01
-2.745078029780304019e-01
-2.654364683578517070e+00
7.733789386682486944e-01
1.333455335084424431e-01
1.259430714119611494e-01
2.837787797267719014e-01
2.089868911156665676e-01
-2.134261999035857449e-01
-3.492308300264148624e-01
4.994696163254357946e-01
1.215601366977827524e+01
2.608423726519097374e-01
-3.093780262965922234e-01
2.494663297639646005e-01
-2.684640852996222349e-01
-2.508083376403694720e-01
-2.402408243021678380e-01
1.825007381725901878e-01
3.234811921488094377e-01
2.934153225794761788e+00
1.581266652965346742e+00
2.448273090300056298e-01
4.772907842710391257e+00
-2.250644760499969366e-01
-9.115106143400483196e-01
4.944201424013583424e-01
-1.102249587246268314e+00
-2.310987395920729992e-01
-2.120452542332608825e+00
1.693421389451899295e-01
2.880269372147649665e-01
3.339532121483370641e-01
-2.591172824164883828e-02
2.781055917417086798e-01
1.722764707238219895e-01
-2.730768886198847167e-01
-2.349494492326467399e-01
-2.086792618392232068e+00
-2.504073816500034244e-01
