2.586176216981121434e-01
-2.753027778839260420e-01
-3.472225493479716429e-01
-2.820518503948817313e-01
2.019210725180101695e-01
-2.772214820284805703e-01
-3.233086884060861754e-01
-2.762586575351527740e-01
8.599943613554068556e-01
2.706936503169329322e-01
-2.630382507294453664e-01
1.785753345768436584e-01
1.863468780802335079e-01
3.021993107029450898e-01
2.670122760957182040e-01
-2.492511619973771242e-01
2.729768379254507993e-01
2.080852639768634715e-01
1.944926642485858004e-01
-3.054523344988253619e-01
2.597308560617394013e-01
-1.592663734294708089e-01
-2.373789256849496709e-01
-2.634236986551731219e-01
-2.602316549912918053e-01
-1.603080227973309846e+00
2.528434049023222663e-01
-2.596034121593409072e-01
1.026164436523880452e+00
2.662170373935039414e-01
-4.172284094552670908e+00
-2.791270592861443967e-01
-2.594714519709726552e-01
-2.669147304329975712e-01
-8.000191644522520740e-01
7.225285075255787060e-02
-7.088376165038263732e-01
-2.106461051721260913e-01
-2.856205643766921431e-01
-2.293534736177630595e+00
2.935238337944708342e-01
-1.898995239414489777e+00
-2.667571118419844733e-01
2.875244114742028789e-01
-2.554739895137006500e-01
2.137506134779689204e-01
1.227183251346754433e+00
2.743895918670003486e-01
2.725746743169334407e-01
2.378782580493180587e-01
2.580437901548893187e-01
3.627891884211407736e-01
-1.484622095448302204e-01
1.231503783967535126e+00
2.616725240086448245e-01
1.613178732181420327e-01
1.910339939132719378e+00
-2.687571082803309475e-01
-2.015709835039287690e+00
3.408607108041271427e+00
2.601770914580240901e-01
-2.700675381430363564e-01
-2.639961576665570853e+00
5.895003728446958080e-01
1.239882223204435280e-01
1.165006204264161654e-01
2.791882365203506855e-01
2.013434607548310051e-01
-2.059249940957602609e-01
-3.191313742106482443e-01
4.191273920307715395e-01
1.145768868082842040e+01
2.556022029415394026e-01
-2.962182840538086781e-01
2.435138564385722071e-01
-2.638378782519736898e-01
-2.449430813825504150e-01
-2.338792573852437329e-01
1.739752680744161284e-01
3.001541344857422966e-01
2.715028215321932059e+00
1.426581024005707299e+00
2.388547691722968380e-01
4.684642439670491321e+00
-2.180259781539834185e-01
-7.412068439672714337e-01
3.752488927189879808e-01
-1.015324829531084605e+00
-2.243836135294949852e-01
-1.960801578662385136e+00
1.603890981315420072e-01
2.810177257772417669e-01
3.101593584275502136e-01
-2.149582754048560973e-02
2.737311001953993683e-01
1.633742886005327966e-01
-2.685036550741979888e-01
-2.281628319366760249e-01
-1.996339354872560534e+00
-2.445760082826054505e-01
