2.609189650821331918e-01
-2.762361639566602856e-01
-3.790149107016267394e-01
-2.988692423478175875e-01
2.092022159011716065e-01
-2.952769695530356731e-01
-3.879379965883079096e-01
-2.771060496459663014e-01
9.599761706207555756e-01
2.717373829870680102e-01
-2.663194867290664125e-01
1.870549405889875005e-01
1.943293094872383109e-01
3.399636514240789720e-01
2.688964198524682603e-01
-2.525020145720187625e-01
2.742397444519443783e-01
2.146337418481942261e-01
2.021458994592076897e-01
-3.491212113544591156e-01
2.620669603958609151e-01
-1.688819362197583884e-01
-2.419034338879330892e-01
-2.652839771054043005e-01
-2.623657287419219331e-01
-1.678215288044143660e+00
2.676852636709358135e-01
-2.618883885991804550e-01
1.147706613693580069e+00
2.678021835497074177e-01
-3.880222967930785138e+00
-2.801843915942121566e-01
-2.719129901870008248e-01
-2.713506232617426961e-01
-8.838757405232421371e-01
8.338679347678254472e-02
-7.848494406869389595e-01
-2.169097343719905147e-01
-3.116499089374971110e-01
-2.423023936825674074e+00
3.254058717997954653e-01
-2.012768447910723957e+00
-2.766849508689712689e-01
3.135877744344978124e-01
-2.669720781868235582e-01
2.199101179384280180e-01
1.411359976948434403e+00
2.755094068101620053e-01
2.736631557707449591e-01
2.422580528804178790e-01
2.603857273183106114e-01
4.379922567019579605e-01
-1.583429848062669620e-01
1.303517766730954319e+00
2.651868247543074375e-01
1.706431618062017874e-01
2.053016894634652978e+00
-2.719330206856986343e-01
-2.118087165368034430e+00
3.413795517162623305e+00
2.692982473478873207e-01
-2.711376425802158874e-01
-2.682837021778434305e+00
8.478008921125945729e-01
1.345540827261688943e-01
1.272448326412932984e-01
2.802678433532962421e-01
2.083727318118852034e-01
-2.127020545279213748e-01
-3.611384600565741287e-01
5.276714532221848941e-01
1.244138740277345612e+01
2.582172585928440567e-01
-3.113578967671550290e-01
2.474328252863915167e-01
-2.653444575695820817e-01
-2.487542298625256554e-01
-2.385439950650421748e-01
1.828042599247341748e-01
3.376977798299231059e-01
3.049248699655918493e+00
1.634529934334446821e+00
2.428496876732059995e-01
4.768491639425270989e+00
-2.239223606944212297e-01
-9.603011018139639976e-01
5.695648155329282591e-01
-1.131634568624561687e+00
-2.297120693332084240e-01
-2.186646620593418966e+00
1.699913123467322040e-01
2.896461856286182135e-01
3.481789861841644296e-01
-2.703098804722106618e-02
2.746229046676330610e-01
1.728587170247670168e-01
-2.698843391400764791e-01
-2.335471104699859690e-01
-2.121263327083608097e+00
-2.483351462642662266e-01
