-1.368149306973295287e-01
-1.592024635291842960e-01
1.392071922954206398e-01
-1.257496943397394262e-01
-1.246226863857201050e-01
-1.465224334539723672e-01
2.026779336030804235e-01
2.047767605377870670e-01
-1.133678599236431633e-01
3.053502311503861547e-02
-1.217401385111179124e+00
1.397618477639040735e-01
2.014494669604573462e-01
1.254490276642263202e+00
1.950576395765450943e-01
1.069970316766356566e+00
-7.576317808300662981e-02
-1.920807820784256603e-01
1.259490055803471342e-01
-2.004169932493923001e-01
1.957554204180725010e+00
-1.908589467512555038e-01
-1.913500344966652111e-01
1.701410474530162531e-01
-1.938495743039159724e-01
1.660287674389764601e-01
2.020224775015603269e-01
1.985084487637066297e-01
1.794410500668253139e+00
1.172225963750586769e-01
-1.842536663348443293e-01
-1.722598443067663854e-01
-1.254645386174309873e+00
6.863949390425294617e-02
1.961356876308064379e-01
1.297804052291340327e-01
-2.019493695173374403e-01
1.484969046357651201e-01
1.149931516807293080e-01
-1.963236271333302918e-01
1.862723372773346098e-01
1.616730989773270122e-01
-1.914779890828313957e-01
-1.909915366628215649e-01
-1.222264129439934871e-01
1.893002987399045600e-01
-2.927586052411823223e-02
4.003561854123377506e-01
7.974821381152122357e-02
1.712940599832526167e-01
1.835403185138651805e-01
-1.983370317175325026e-01
1.873431210362524468e-01
-2.040683920471833002e-01
-7.635509137235508170e+00
4.752908258123430763e+00
-1.195249065213497275e-01
-1.775607853210039222e+00
-1.926349610487163022e-01
1.634165885648772021e-01
1.447555580299455524e+00
1.809347247586677865e-01
2.424089379464060112e+00
2.106832954009083686e-02
-1.978102610587196275e-01
-1.522206195869568290e+00
2.005028343595338935e-01
-1.916445066510581996e-01
7.928732648427891938e-01
-1.846149273598393925e-01
-3.470026221959846696e-02
7.518146608894620275e-01
8.719095926661604712e-02
-2.008429225705882781e-01
1.846598373592421571e-01
-1.580031934327131848e-01
1.578617514367537389e-01
1.896329695843550767e-01
-7.885701046824200589e-02
9.278345052920095037e-02
-6.403776838652188719e-01
-2.056367297211598166e-01
1.941732363745308221e-01
1.769769838241431192e-01
-1.096884721657401382e-03
-4.152594341192204830e+00
-1.628583469733783651e-01
-1.495140784226118569e-01
1.381777223028483603e-01
-1.794345276502025799e+00
9.048771291930223226e-01
-1.954311859346207214e-01
7.099530967431235684e-01
-2.042530556611840686e-01
-1.297352505602459294e-01
-7.278210854452003831e-02
-1.674586751288379416e-01
-2.029719626888242257e-01
1.930637553257769645e-01
1.933526188272262358e-01
