2.597720540305779036e-01
-2.742891299142918848e-01
-3.831423462950368508e-01
-3.021135714233422753e-01
2.093820494148267986e-01
-2.994038416542496028e-01
-4.072045458412119623e-01
-2.750100737926509109e-01
9.717961179997569587e-01
2.698721237237343695e-01
-2.655042184500389091e-01
1.876740860994187965e-01
1.947693819718404329e-01
3.483113852943490185e-01
2.677048215732759640e-01
-2.516038518617578212e-01
2.722720056304433478e-01
2.146315618933720970e-01
2.024457512939752124e-01
-3.583165891884363408e-01
2.609805645582491396e-01
-1.698065837991548088e-01
-2.413895264018608988e-01
-2.639521965146444660e-01
-2.610955222511672780e-01
-1.692397936405337866e+00
2.705199085261597025e-01
-2.607366260860639606e-01
1.163471314281646851e+00
2.664587275350392415e-01
-3.807536701363286369e+00
-2.779974824177916526e-01
-2.744637968329651234e-01
-2.710606251047218418e-01
-8.905072601148128486e-01
8.478396465023652073e-02
-7.984158226729927144e-01
-2.168349214239670419e-01
-3.166302475124210813e-01
-2.440891371422414746e+00
3.328470969130172818e-01
-2.037884977997232561e+00
-2.778811071530767340e-01
3.212488416127923796e-01
-2.686036706385076522e-01
2.198039277857544438e-01
1.438948224168075551e+00
2.734877669469371608e-01
2.720093708981370928e-01
2.417008111847396556e-01
2.592223516040675912e-01
4.495501324561248513e-01
-1.593636552931058659e-01
1.299145383095300810e+00
2.645095587776254975e-01
1.715015147263262429e-01
2.070362485320708323e+00
-2.706253774526937161e-01
-2.126726734459895685e+00
3.415754734332194342e+00
2.700009830807606481e-01
-2.694197644028497041e-01
-2.700031949853250790e+00
8.962676822286606004e-01
1.357724909435031879e-01
1.285009660790545349e-01
2.782515577839286269e-01
2.084969316014663732e-01
-2.127836775589999896e-01
-3.704787488832122500e-01
5.450016787892553172e-01
1.259673761032457229e+01
2.571902012365971379e-01
-3.138235373289914310e-01
2.467773741871855941e-01
-2.637020102650272646e-01
-2.480873932046959163e-01
-2.380528627393897756e-01
1.835046135662223299e-01
3.491678396253901084e-01
3.124474903987791929e+00
1.666858123416829596e+00
2.421522167790844393e-01
4.760242958735720009e+00
-2.237302643934436230e-01
-9.840527329692168035e-01
6.276807749596706731e-01
-1.146067921251913591e+00
-2.293740667780271025e-01
-2.225784033089158953e+00
1.709182759343417513e-01
2.908426162136494852e-01
3.611516506123328973e-01
-2.785403452112749159e-02
2.728636258146807103e-01
1.737321610751998147e-01
-2.683888810243823531e-01
-2.332210886077898671e-01
-2.138571251008297924e+00
-2.476501922044128390e-01
