2.359581498399111466e-01
-2.528937683387958435e-01
-3.219781097330195463e-01
-2.603188791463017515e-01
1.796952394104208706e-01
-2.505020976396986621e-01
-3.013042640512999526e-01
-2.535525141085631096e-01
6.909386532424638405e-01
2.486976599021680778e-01
-2.471964896312207616e-01
1.580655415930813934e-01
1.655002649184370567e-01
2.727090309957092007e-01
2.438814565300603809e-01
-2.270235701207328205e-01
2.517069674279192593e-01
1.863585637217566315e-01
1.728198414156340568e-01
-2.676793092022334841e-01
2.366945589333615818e-01
-1.385937566681157973e-01
-2.145798095911841119e-01
-2.409296066225557753e-01
-2.378433665352577830e-01
-1.441888623746434117e+00
2.398959627944607653e-01
-2.366447267398317233e-01
8.028794699410143343e-01
2.429891054600211708e-01
-4.383668194780660166e+00
-2.566049415041183335e-01
-2.493562912617134641e-01
-2.524916735289351455e-01
-6.166730657435232077e-01
5.424111841567940545e-02
-5.118922882912816386e-01
-1.892741865064939411e-01
-2.595181546270856621e-01
-1.985783831291450197e+00
2.676402910648617017e-01
-1.801886040167157255e+00
-2.509388349603147716e-01
2.580448728412216286e-01
-2.391785140333548276e-01
1.920710206514611440e-01
9.338151535327102737e-01
2.530397027045522274e-01
2.497031157936938084e-01
2.151906226699156766e-01
2.357449726631006270e-01
3.011705838825488590e-01
-1.280939331363545042e-01
8.190459264133731487e-01
2.463335280842753328e-01
1.408854276460716759e-01
1.621530211504268237e+00
-2.489900356805294923e-01
-1.723483755946048523e+00
3.308462936280658795e+00
2.418392498051106509e-01
-2.480749111574286903e-01
-2.624553128318360518e+00
3.881651838855921799e-01
1.037654564189319506e-01
9.648880357145095399e-02
2.565312461369864683e-01
1.796964345380279438e-01
-1.840152743095569143e-01
-2.843554891665420747e-01
3.353721206196730309e-01
1.008961824435980148e+01
2.323813887641389409e-01
-2.736903032055040819e-01
2.204168063934399124e-01
-2.433596521559491521e-01
-2.218703036654592065e-01
-2.109735292857516376e-01
1.536808062732535340e-01
2.834990609269070205e-01
2.395498384370431388e+00
1.168895181033712705e+00
2.167774012663012395e-01
4.412593275308165808e+00
-1.959313707508860136e-01
-5.340142129553719919e-01
3.256638530568403134e-01
-7.974717597566662874e-01
-2.022575453544981361e-01
-1.629048749062060431e+00
1.396596232194940446e-01
2.652259559338083772e-01
2.782855365733912234e-01
-1.462310972860587401e-02
2.507215243284554029e-01
1.427626815529916549e-01
-2.459083440195202752e-01
-2.054918844748884477e-01
-1.734873182070681752e+00
-2.215965826401715133e-01
