2.509412479218765535e-01
-2.676712932128555988e-01
-3.339435297713209683e-01
-2.740754822658921230e-01
1.941797521684927585e-01
-2.668512916173477190e-01
-3.095158284393368375e-01
-2.685487899923958421e-01
8.031989269423704947e-01
2.631482688050206242e-01
-2.575313313952881100e-01
1.712380928659650858e-01
1.789504704853136785e-01
2.888094155120167206e-01
2.592683604998787250e-01
-2.416630450956137321e-01
2.656673958380391110e-01
2.005161865049812364e-01
1.868859189817956845e-01
-2.883849541032479924e-01
2.519957305656408408e-01
-1.519637246575491207e-01
-2.296063537812699784e-01
-2.557674679094339987e-01
-2.526465731607054344e-01
-1.570519851775705966e+00
2.475304861507739429e-01
-2.518319759735890839e-01
9.567944382775717127e-01
2.584061622092898025e-01
-4.253580453730663180e+00
-2.713821179667710304e-01
-2.551522023348912760e-01
-2.620176711328414121e-01
-7.525661821316195210e-01
6.572731784477493788e-02
-6.852328544513643926e-01
-2.032021250602878415e-01
-2.750186501605533795e-01
-2.209493108356775259e+00
2.823259769390969454e-01
-1.855028723585230521e+00
-2.610445407759107161e-01
2.758981678301924978e-01
-2.491594512949055762e-01
2.061498279409738621e-01
1.137293802293857903e+00
2.670563120790536149e-01
2.648185714554163739e-01
2.300806307088668345e-01
2.504174939258641541e-01
3.345500503547353399e-01
-1.412198587546780459e-01
1.104783912573434890e+00
2.562665364582128458e-01
1.540495058607553869e-01
1.833695277231949916e+00
-2.618280939373821004e-01
-1.938614186710038378e+00
3.395058597819775592e+00
2.530917405537055909e-01
-2.625619794266528806e-01
-2.642807034438916958e+00
4.897212442808195343e-01
1.168406638358284316e-01
1.094113139679260965e-01
2.714581892957355080e-01
1.937397918673603170e-01
-1.982234320257831028e-01
-3.031678337088022368e-01
3.809280007961045600e-01
1.104565370939448599e+01
2.477391280001373930e-01
-2.880285939541697426e-01
2.356296000215991893e-01
-2.567610634991870366e-01
-2.371369932829243132e-01
-2.260546962135623061e-01
1.666974816154263295e-01
2.894281503803003974e-01
2.609444815675749485e+00
1.352026648056527947e+00
2.312550423992867088e-01
4.586441379350912229e+00
-2.103501345750191376e-01
-6.738179219249830210e-01
3.391944578303554558e-01
-9.498423855892976775e-01
-2.167247218230868577e-01
-1.867744412611864080e+00
1.530333288724957108e-01
2.762679224830411062e-01
2.972805023310410300e-01
-1.885690319901690837e-02
2.659470859443777147e-01
1.560026965315223779e-01
-2.608422285708911215e-01
-2.203449259608326882e-01
-1.921707248661370659e+00
-2.367518685367916154e-01
