2.552758215819064813e-01
-2.719840984102417925e-01
-3.397783133554519996e-01
-2.782574523318138149e-01
1.984525809296313059e-01
-2.725161691210624682e-01
-3.156654432437409619e-01
-2.729075882546532772e-01
8.342961680290844617e-01
2.674100577125814726e-01
-2.605982445743943998e-01
1.752543926841598765e-01
1.830075812497445331e-01
2.953674868525227870e-01
2.636546889038847152e-01
-2.459259431858695499e-01
2.697830634396903848e-01
2.047017376445069148e-01
1.910726297701540455e-01
-2.971324135553534695e-01
2.563688369908070364e-01
-1.559439422828735600e-01
-2.339541186121131822e-01
-2.600940528782769712e-01
-2.569286430626095408e-01
-1.589409936546610558e+00
2.502888340504051401e-01
-2.562245077005044225e-01
9.949833635710223501e-01
2.628340358198926197e-01
-4.210977011008894877e+00
-2.757481152799582391e-01
-2.573878186417490332e-01
-2.647355556897167950e-01
-7.804086125047188238e-01
6.921297989703459330e-02
-6.999521016788988748e-01
-2.073208021209584639e-01
-2.804396866233916374e-01
-2.257575767329081717e+00
2.877929720460025709e-01
-1.878072111799100830e+00
-2.641475426057584563e-01
2.822301632845372055e-01
-2.525199810686354907e-01
2.103590906024735974e-01
1.186590617099013700e+00
2.711907737541526253e-01
2.692130970659499800e-01
2.344460770478944966e-01
2.547191989766993681e-01
3.481508541568640869e-01
-1.451611754947816912e-01
1.177756191750205073e+00
2.592699145132203453e-01
1.580137601290707294e-01
1.876701215790800514e+00
-2.656928514920511297e-01
-1.983281544926658757e+00
3.404034606700816923e+00
2.569165799135048056e-01
-2.668079032772862069e-01
-2.641941404155502049e+00
5.402659033596788341e-01
1.207170893118087590e-01
1.132470288344343545e-01
2.758184256792957090e-01
1.979349532468843154e-01
-2.024818328278854829e-01
-3.113683798468299124e-01
3.984479460141576723e-01
1.126419067488830272e+01
2.521810495823232912e-01
-2.924376736929384935e-01
2.400567481528861624e-01
-2.607441174017639529e-01
-2.415224017414452362e-01
-2.304307378332093592e-01
1.706723604713035192e-01
2.945417028516682523e-01
2.664272632426532450e+00
1.387868299189804588e+00
2.355079637128436321e-01
4.639855684402720115e+00
-2.146097570127055154e-01
-7.074468195033363216e-01
3.551348360986510411e-01
-9.858333938501546712e-01
-2.209857694300109976e-01
-1.917313100847316987e+00
1.570425618186457317e-01
2.789136886618428512e-01
3.042372636638827621e-01
-2.022958516316458039e-02
2.703589290429407876e-01
1.600218205622157275e-01
-2.651796538664375480e-01
-2.246991083962568136e-01
-1.963598951698009465e+00
-2.411486210855394163e-01
